-0.012736017412417663
-0.026841120072851964
-0.052302043894402656
-0.05082412693635758
-0.040530153875504224
-0.023777992081227155
-0.015745736047404427
-0.006127496751955207
-0.010393410651796664
-0.013135588084311681
-0.023602992551422838
-0.016038363289898706
0.0012881174226111805
0.015055344177768585
0.002668173050236098
-0.0017441971727146593
-0.011384466926349151
0.0013169785325449108
0.012623428794685504
0.020299147801441764
0.04420154900069819
0.05200209457491265
0.03150984791482615
0.021056982197038495
-0.002990223435735136
0.02836768925716977
0.06611296551118308
0.08533121776294716
0.1039701423565884
0.09031719981699705
0.06902627608825973
0.03970711537847397
0.024352163174760404
0.12070898936380245
0.1854160537841273
0.2070812100036426
0.20723161071033733
0.1492944991915331
0.11508742109259532
0.07592712788067518
0.11811271531318773
0.2397801138251583
0.24942815832497597
0.2026461825644736
0.20876275858929258
0.18382167148826836
0.1456533255527483
0.08580060043715132
0.27035355312463344
0.25793079383166223
0.14678136433297148
0.11495128452343287
0.17948966746912898
0.21271859840989568
0.16143373810726136
0.0825340746049145
0.38089804068287936
0.1354925733299007
0.06349613978912545
0.08617982897279375
0.19192658430149775
0.24989888719637215
0.19143927657052795
0.08171807789203173
0.4441148840060472
0.08677548183849344
0.09432486639435356
0.17195505514433837
0.2465925340660991
0.30504266059104257
0.22769334331643032
0.09290018800998374
0.4575397472594305
0.13277761362782775
0.1718375810795474
0.2146909029375017
0.2166023602491323
0.2783325122137691
0.2641527094984055
0.15562346336962896
0.3835896029696754
0.1763099347721019
0.18959799283211734
0.18649666891010785
0.13364306612621052
0.19318970365211113
0.2605159120593887
0.24322352918160278
0.26043521323036595
0.1574052398410579
0.14261642174036723
0.10875777399314071
0.042598379539938586
0.08659695622053275
0.1555917858068198
0.21155519723636843
0.12342707575234295
0.06215246557598707
0.07092676523161309
0.03985085128169923
-0.019781038238082548
0.014451877514259352
0.06594220313811464
0.11847216213000764
0.06614977065219836
0.03302195553565202
0.02220758327205009
0.0018254284660162256
-0.03548297940806809
-0.027812327908002504
0.012757981071442446
0.052357796275118704
0.019239860409931923
0.004069668893501605
-0.009477653928232412
-0.012261826158278864
-0.03687525142838113
-0.044692413600598044
-0.022576207164684406
0.00941136871911237
-0.0019830116038748054
-0.014273006247594927
-0.03019368645682297
-0.03984606459285454
-0.05779266512071045
-0.06216142443073688
-0.03627535065299064
-0.0076883086893886725
0.045673108255767335
0.03518564463230139
0.01608514957966302
-0.003695288971200937
-0.01400028254911965
-0.017264326792347115
-0.015600668940555694
-0.007371381846068808
0.053775719795549216
0.03345289868274444
0.010380427369660212
-0.006184460671553717
-0.02391969683302364
-0.021243675590496246
-0.02474636644538883
-0.0170089102561609
0.058265921325112054
0.028011098600164673
0.010619202999553212
-0.008197879754957007
-0.018307630465071723
-0.015490316315034749
-0.02421368626525513
-0.026030815020048254
0.05670776002510873
0.025292598122305596
0.014034209281188795
-0.0029501663869033095
-0.019612789135225638
-0.014126923377018128
-0.0251839943626274
-0.03191983464870828
0.04639719317908306
0.027615616044913277
0.020783112630192977
0.005177035073161487
-0.013430399335422111
-0.009560846668774579
-0.027747111288400326
-0.03207140177000478
0.04129068437700954
0.026964068534140073
0.020780885357250506
0.006729377260917531
-0.01600215431256036
-0.00594460996000483
-0.02082843194072417
-0.02348007562136159
0.03143162631194308
0.025833509697071592
0.030691860587746877
0.016662353526318854
-0.00933290039994481
0.008084850729564741
-0.012420576410920424
-0.016158152081095008
0.021402106435268003
0.03796046609728313
0.04117717510644084
0.02357336467119348
-0.007552160358638176
0.023910398458134405
0.007934464330068208
-0.001836350426075376
0.006842384053200607
0.0538835250822086
0.058493422336452806
0.03242626250060989
0.012619835115162627
0.04284857187661399
0.039390109208095506
0.028106653971647976
-0.0007301788949162599
0.05911655532251724
0.07849461101040589
0.05960925762285988
0.02200633786744477
0.044243598251311425
0.052512623972681714
0.05949187608911836
-0.005698326379700402
0.0708845186416793
0.10073460503767183
0.05347393988278104
-0.001944127208806612
0.023966689923164922
0.05151459549126801
0.08788650178505222
-0.010179870142186775
0.07250973569616811
0.09700794558113396
0.044104696124763115
-0.007774745813445644
0.0034916806101944497
0.06103940202461584
0.10444936024116343
-0.00865473733090097
0.060770803497768644
0.07309659086120958
0.02610203819401388
-0.01352003008527932
0.007787934835836869
0.0714729115144662
0.09053249675324058
0.00553518705007504
0.04689311346171019
0.05483431925320838
0.01107719849254926
-0.002237130838793844
0.02204445313874267
0.07475442362664508
0.06256570230582
0.02589474821310116
0.05053184939628938
0.05058265312138945
0.024737156974006698
0.03542872124565056
0.05510994093535119
0.07233415238938071
0.02856721017733546
0.030405937007535647
0.0655436519363985
0.07776256008325846
0.08423862828502122
0.07614482432341786
0.054596222903314305
0.031482585757028135
0.002298217608729256
-0.003252944728223957
-0.013385799898868298
-0.0095779240867946
-0.009814783619259618
-0.013771261652411698
-0.013230104787595906
-0.01288552193736858
0.001167889692208026
-0.003641043860284604
-0.009648611683271188
-0.005996620538187995
0.0043091726401627345
0.01100479486391325
0.01914337058577001
0.0009428716912304226
0.010873411874629493
-0.003166837224945959
0.0025897126961990447
0.014064904128924591
0.03240427685648217
0.04517208320414506
0.039859917753373796
0.010649418423155041
0.020288142584447874
0.009522048397773071
0.028359562322026802
0.045017193836791355
0.05460374483722978
0.06089390987227241
0.0346847417475822
0.008068700472283882
0.020386765168097558
0.029495318067899415
0.07456946626977509
0.0867599515377875
0.07839435756099115
0.059983129816778544
0.018625011483056696
0.0004469213334496991
0.018710126478555827
0.09057110780029198
0.11745583995270635
0.06344661712440387
0.0323096777531656
0.015070901795658884
-0.019956752176255924
-0.025743024348365798
-0.0067465920728415375
0.1546813898352739
0.08729152524047784
0.0007913294502010101
-0.008993379888953514
-0.02418876670327914
-0.03589449739259783
-0.027510583511898206
-0.022646243397800598
0.1979023649878074
0.026599189485314496
-0.038075213803582156
-0.03186464887530543
-0.040150664451905314
-0.029963181631409114
-0.025584868166297767
-0.023923551663255
0.21654970926258169
-0.02427096258944672
-0.04080713777650391
-0.030798021211687326
-0.03228759448388874
-0.02242348164507007
-0.03169943937904475
-0.01742652640975741
0.22157026705392407
-0.01600527231846533
-0.018023020007238395
-0.02093011270046106
-0.01642520197041154
-0.008632993765607744
-0.013326459438369026
0.007089350169089075
0.18981077592083168
0.026676143124598085
0.013898662609407399
-0.0004055901565242686
0.011583977929045013
0.019830488693574316
0.016552052240434337
0.02823424664649304
0.14079735876368663
0.0711136122223567
0.051679832142105316
0.03928575246938515
0.05244555862377687
0.050691486900237746
0.03809637368838093
0.03141217804558085
0.07851471204348756
0.0682058284497008
0.06955667488664567
0.05395274046829355
0.054366579887150775
0.04340912297717193
0.030859382075386216
0.025482200457294147
0.03082024359535145
0.03505607435458673
0.05456638347873572
0.05233396945621802
0.038368400914682715
0.01997379907885303
0.011304026980772834
0.013876377938417412
0.003119133485976149
0.0020752484275749065
0.020929487984547544
0.02749850548158771
0.018232437311498782
0.00782596952720937
0.0081125507917763
0.006147911897169571
-0.0076567298139665115
-0.02085468404099674
-0.009791902448535152
0.003754256516867518
0.006721528459589968
0.0029831941801732337
0.006002135268847485
0.006403386206976393
-0.011357174873586227
-0.027115267863424043
-0.04423443806998049
-0.03599371273479398
-0.004411721679559938
0.02473181875793741
0.020605785835353052
0.0193471448899833
-0.020578982089959404
-0.028192101907873496
-0.03550597885286799
-0.019454860981233286
0.00023449330306996364
0.024305892611094306
0.02379440226154711
0.025178328741783922
-0.03614976264844957
-0.03575958922678853
-0.037519869484873535
-0.010771499892195138
0.0009634652096308062
0.01677824111655216
0.029025206713685917
0.03209536728304425
-0.06918180503973408
-0.049898476103874025
-0.0551256617450303
-0.029003370360167143
-0.009466915254411803
0.018991218044910337
0.031237748880384688
0.02742245346942426
-0.1438283639023335
-0.1281621532047817
-0.16475772107373415
-0.1676487465380283
-0.15382649552387745
-0.12272416189233781
-0.05922152873056901
-0.03004943645145538
-0.2427895065906786
-0.20260291582520715
-0.19968892205290623
-0.19123259875048534
-0.19871747080513372
-0.15243681116506017
-0.06304624744902085
-0.04081362861711131
-0.35015164974434454
-0.22196158310245062
-0.16953427431130097
-0.19928747070560007
-0.24711161732968512
-0.14422923070570826
-0.08200179734160759
-0.07835746388602378
-0.382432653337341
-0.19953554630938247
-0.15922965539109452
-0.18132524141523215
-0.22066583073215015
-0.08071951884024202
-0.05592356579472156
-0.11624460473114569
-0.33863384174603817
-0.1095540423755151
-0.08617931419477701
-0.15327847845860282
-0.1578293082742294
-0.05793383946972432
-0.01495531504324933
-0.13450481867760697
-0.2868494902403437
-0.12386566087215417
-0.1317041288772267
-0.13822917694529044
-0.1176830187770973
-0.07284732708627709
-0.03606831782762893
-0.15326962265992003
-0.1565228595348859
-0.1067820956530466
-0.1363747320152398
-0.0901228725661322
-0.057976970747856606
-0.04862953503403811
-0.0773565075134008
-0.19317249306905054
-0.03645854367266555
-0.08116633914766078
-0.12798541454293105
-0.11308774152501602
-0.0965115827083754
-0.05159445303147068
-0.07961827339580693
-0.1307110486376034
0.0718931682604073
0.014856616067546687
-0.012563712158173273
0.0035159268073752248
-0.0010006366829825957
0.05163026732516852
0.03358009186208493
-0.008116077958316975
0.08869845737662807
0.041392935672862397
0.006382120440000513
0.019965752945264818
0.019747405630307174
0.05174479162420941
0.04644482583521677
0.01193650897263317
0.062234078728211024
0.06119996114041292
0.01782326799463998
0.026722114734997356
0.018664444375104238
0.027113626516847286
0.04092919913618701
0.023282124133700153
0.031058287625406727
0.06763185375340425
0.06129128714067468
0.05437055453868267
0.02072455358847501
0.007341394885502098
0.011774076872709276
0.017470911114963503
-0.0019565217548491547
0.0036220211752851874
0.0014511153445158364
0.012410242681057426
0.023977850950509423
0.02956146552121044
0.01823440949096268
0.011557797058583999
0.0009794144295912526
0.020796017346094424
0.03572536016907814
0.045384086605048536
0.05551344708638167
0.04966247987535046
0.025624451953489735
0.030965617910265985
0.014637295497555648
0.06419796428348096
0.09595711633482706
0.10887042004955656
0.12303881398035948
0.12288552001238397
0.08368291751747325
0.08345423472902881
0.04666919741901504
0.13536701592094652
0.18779846231918343
0.20600998222453998
0.21252049887007843
0.1887103991473885
0.14060117661980176
0.16173712917584393
0.1282303146975165
0.27415353162359707
0.31351038262315034
0.30532076692993193
0.27522108585933586
0.23216276186355342
0.1829363872686742
0.22994511881103785
0.2861444612480198
0.363910306016531
0.29879410956961994
0.22576841833537095
0.21394833451413994
0.21092385960262686
0.1942507568605726
0.21445448625665783
0.42679890066860815
0.377295045658362
0.2710110700799717
0.24587658598640613
0.2711556187301653
0.26533131260046566
0.21688759458457751
0.147355569644639
0.5294182773482216
0.37034994863437815
0.32494594268518084
0.3149527966587736
0.2892900945593064
0.20554303559964765
0.10952858584449343
0.04430690549554498
0.5624187854442863
0.3092696292672308
0.26251700905469727
0.20274429821129866
0.1300851888253185
0.060878401122736625
0.004651055572312598
0.014232862214006553
0.5342893299804312
0.24163951434445372
0.14265087702570012
0.06465601358195723
0.020304241402220785
-0.0024230054139079337
0.004804958318393803
0.05402678282936259
0.461342072787219
0.30036304527712904
0.18327364618887282
0.12136437765085767
0.07924636433724999
0.07508756660411375
0.10170401938445846
0.14736242582045844
0.2994886669199861
0.2767021537530269
0.23357649047994186
0.22076905514455264
0.1900558368381757
0.1791048263279588
0.17441982988681576
0.1714445871824278
0.1481184275503585
0.1983520886968911
0.19377924400900703
0.1921406661804348
0.16792013482924786
0.154873318536992
0.14002990460943562
0.11839114435398648
0.03990467732904629
0.08676715651970704
0.1048174047164899
0.11578623774442745
0.11061060318021762
0.09341125168048034
0.07996027705538285
0.06267548457277951
0.0010806506352386812
0.018120519145799065
0.049977417034438115
0.050720561607967715
0.03632708684969437
0.02706208559973637
0.03133778622464227
0.027828860118658705
-0.00417390670651427
-0.010781051338151732
0.001577731470156059
0.011862647300755622
0.013609599400069538
0.010991724790193762
0.02344601825842414
0.018568368078642605
-0.02462943128329803
-0.004094868134272412
0.009520044520007253
0.024235530298396153
0.03970424155422232
0.04527432307228977
0.04146266117184256
0.017530925712067325
-0.03695063599891631
-0.0015721466050292582
0.0179128274768643
0.026105917870239786
0.025957973607769295
0.028695611952979854
0.039806288961724515
0.034422158813447776
-0.05408412959493377
-0.005700827292281112
0.01811297660206309
0.0264853353984722
0.013022858540966924
0.002111589974353821
0.018123601753661712
0.02292081767443355
-0.06443533848160647
-0.0009383345042486575
0.018748104834723046
0.01391486531409255
-0.017938011034201926
-0.02758599690716194
-0.01858207276678926
-0.01022340450555894
-0.08655382914200044
-0.00811945613594624
0.004474193883821718
-0.01329327005660114
-0.026982664796992448
-0.021399380677335166
-0.023543169551604258
-0.030777158136396074
-0.0995147796908331
-0.022806869707038643
-0.03263807244125337
-0.034990055223534954
-0.037724280714742826
-0.03621008851407567
-0.034850027859079716
-0.04533573683428147
-0.1253447054841829
-0.06392391126240435
-0.04515142481988242
-0.014693661393212633
-0.029313020113689407
-0.038690749613160935
-0.03811498713648877
-0.05137022218652486
-0.11626132155829343
-0.055207579835470276
-0.028321897304563984
-0.009298913390824944
-0.021631190488716652
-0.01919607568308996
-0.031931915228690676
-0.05099367992223831
-0.09834842106505493
-0.060034908816373425
-0.02095160299072875
-0.01057799733435165
-0.02776511266595952
-0.031027686327541958
-0.04535475458679041
-0.053374486375664366
-0.08927441498865128
-0.07188726080136093
-0.007315401540874745
0.010188069042371023
-0.011084128502796244
-0.02465275201634869
-0.05916160569420707
-0.0731699281694564
-0.08357940326158621
-0.08901887859325813
-0.01719465372704066
0.0008431413231502719
-0.01905434014771798
-0.01808639134439538
-0.043472523561462
-0.07956027057689473
-0.06163191491395857
-0.07178911273826333
-0.017341924144868733
0.014092706376122924
-0.010649364061717358
-0.012528211873818286
-0.02491222439932713
-0.06357582258549759
-0.046710118301907536
-0.046287213994974784
-0.02295035252056173
0.005600457705794799
-0.01871875245693192
-0.025800723575334916
-0.038673523477093616
-0.0652134940782666
-0.028433764691009517
-0.02272795377906633
-0.009770738035603646
0.02093069072302262
-0.0009045215175783978
-0.015093100009680727
-0.029079629913994806
-0.049652455502136233
-0.01664055393421173
-0.013000666978257525
-0.004816079193454406
0.017583733464708057
0.0024574798160232948
-0.004612301694595285
-0.01963184347810356
-0.0322764870907975
-0.010891760542946553
-0.00825975520828741
0.0005352523091152746
0.012750979133220746
0.008316000346041498
0.0007099546071430884
-0.005728985191738763
-0.017978181895726957
0.007482737265986273
0.03854880123761883
0.09785679069097436
0.14386622563489657
0.1555277048292524
0.1330771296867798
0.09354777324951354
0.03358812784690165
0.03231613735229792
0.08118426192349602
0.1204836730417541
0.10598166023023534
0.10395631797063894
0.11356916973727581
0.10436456442153282
0.05289983997807223
0.056412305835267136
0.11023099238959302
0.12940384115828354
0.10002043920715184
0.11315613484913102
0.1416272864960454
0.11749198355165569
0.059876066440575165
0.07784915189144097
0.11052981911354617
0.11985497636986475
0.11053914315508806
0.12651279120898548
0.16151949567887813
0.12560399508540454
0.06113000117984238
0.07396664187342918
0.0862870001873862
0.095330882025807
0.09114328184400826
0.11198123195551232
0.15803704491428316
0.11699132105340185
0.0548914698765413
0.039289430383286666
0.04151815161539373
0.06551853108567463
0.0831707183395856
0.10012450443108092
0.14245883915419982
0.14535756946876136
0.06025328772367625
-0.004651043243218982
0.016926189736791098
0.05375309806511243
0.05896070724663625
0.06174279566260419
0.11120084152320545
0.146760949938259
0.07507380190518881
-0.04469030201382904
-0.006983832115536122
0.018876154914752426
0.02086384395388044
0.030551226400849663
0.08362711584589184
0.1424197804153993
0.0865665767102982
-0.04946178243407711
-0.0012112703687088525
0.014186923293086585
0.008395327384679472
0.025102189614681258
0.07137753612757483
0.13140891238471544
0.10403321586099527
-0.04112013510446955
0.0011235187101680299
0.013876072791010448
0.010378143849899569
0.016395149344083242
0.054607681969502324
0.11272713437078263
0.11371590196232301
-0.018526879273501537
-0.008434666221818675
0.008603828588362377
0.003292552548845371
0.016677141287518495
0.047310029504697815
0.0960982436547675
0.11313147188718037
0.022491711032032825
0.013372237028496992
-0.006718912654805717
-0.022845898632080936
-0.0002480526088333985
0.030686582673435995
0.08227325234527832
0.11758094272566422
0.05260342312896991
0.0489796089113716
0.031159399531693784
0.013013636624787113
0.03648909313542961
0.055711070793097485
0.10772670078454237
0.129348888805492
0.06973508804987749
0.0753923602419846
0.048161860355593035
0.03627040104225038
0.06953826151508559
0.08337602748172628
0.12494928939807412
0.10552186043651948
0.05542935399755066
0.09633812302184631
0.08530560970148177
0.07064671690878525
0.08760604436248687
0.09480672531057094
0.10944758697563961
0.064963245400734
0.04426522136919319
0.10891667886366645
0.15236568444395357
0.16370082757286236
0.15450571152258125
0.12283939570089263
0.08310488504542353
0.028802632848294322
0.024812114715872836
0.013465778867668535
-0.0055517786464334045
-0.02128516114179558
-0.0163550945494459
-0.016620227539347537
-0.007012450583756131
-0.0015867154393601666
0.03658953834724167
0.013701370139626296
-0.0011286095708622418
-0.01701038759678886
-0.013476179867146193
-0.017147539152219785
-0.008582664708186583
-0.006128252116489123
0.04325196223733857
0.010488867893968148
-0.006261395428613502
-0.019226687702334343
-0.021391034639840472
-0.02500387513943762
-0.012592921615135588
-0.011001806901369008
0.044358484761556745
0.010983644876386556
-0.003507912986090664
-0.022355025509806236
-0.02911707523282902
-0.02653513514732224
-0.022223087786622263
-0.014135745020490198
0.04173406898475944
0.013830852721912808
-0.005719794515961267
-0.03824046435928148
-0.0535046058250918
-0.04110250417594316
-0.03676411284119442
-0.02191307613560457
0.027977591240639428
0.008968624315795707
-0.01671590995239354
-0.04173272387215492
-0.05303535138161245
-0.03946572182265354
-0.03218746109943233
-0.027019227086560266
0.019677403583588854
0.004517260700503547
-0.0195785885806694
-0.0248745716963626
-0.03293574875433423
-0.021463672234105332
-0.02309749599352388
-0.03222471244662264
0.005992195585464414
0.006752925585747054
-0.002276661276897329
-0.0072168071557272935
-0.012469163395127894
0.0007407818867401686
-0.0043814073708763465
-0.03332743413949
0.0014777446535991984
0.02034908959196597
0.024038143174146324
0.014864804833561028
0.011114123936799093
0.012025131645193997
0.009223843452810078
-0.031065491056987728
-0.0031066999916032137
0.02013460599827548
0.03597985747022769
0.017439799064880353
0.01639154300769409
0.01630685896930585
0.012332059034191939
-0.028205602997995346
-0.00044442136190809086
0.03479111470940034
0.046674954209855346
0.009792345103906143
0.01073337793678021
0.005720009700873707
0.02286903970184568
-0.011564087337544512
0.0013048050674626136
0.042190251288106786
0.0330046820754721
-0.0076783901850686846
-0.0032697660114287055
-0.00642580062324979
0.03289959645747158
0.011907517032075514
0.00979794877346126
0.0476723048702228
0.03168464860197134
-0.003346800462329475
-0.007336631576049792
-0.00701926756837626
0.03152223430421276
0.028837479266108416
0.01423950138882301
0.04193878984867386
0.022044855429511928
-0.019650081854916207
-0.022945516010357114
-0.00686393148891162
0.024485590403323793
0.03730946120835549
0.012572617587655745
0.03260268208245891
0.011501924419432569
-0.021928636040754772
-0.022575888916034556
-0.0005360781009002632
0.021675042479373456
0.03539077172309184
0.006379774235127172
0.01237023695628883
-0.007967589559158486
-0.02706135318546686
-0.026075804083650726
-0.0032535216740921156
0.0187603495172474
0.02940526375700992
0.01761076461630175
0.07476066823090809
0.2044071321026574
0.27925610289652597
0.26366107835576125
0.1349281250310317
0.042275537228731674
0.007460061727081337
0.0036877127726305204
0.016596299107756934
0.07627215831320547
0.11317284517880262
0.12908365555296233
0.05578796278435171
0.016876140482767664
-0.0013134236603771108
-0.013052777907873998
-0.01109936567990854
0.018470266466948826
0.041304261459155216
0.06531972005612117
0.01756264237514318
-0.0032690594151371572
-0.010620039591869971
-0.03636048115343011
-0.0394653416604704
-0.01896750104786922
-0.008699579986212265
0.015054627352515969
-0.01404356391100395
-0.020517625072467814
-0.018667247096593297
-0.06897087335998764
-0.054943377431809486
-0.031173769411670466
-0.010073380331922907
0.004035386894695798
-0.033052882139191095
-0.040040890333888135
-0.03685026748414041
-0.09749697983628246
-0.06285218007341561
-0.03026360411160996
0.025819837993450986
0.05084116688739462
-0.00857457358504533
-0.02520856425681906
-0.042970827810970606
-0.12297937402262091
-0.06738113003843546
-0.009270959104947135
0.07229660952764402
0.09285737791648692
0.0032735154420308224
-0.022787301026639194
-0.046697710343719424
-0.14266219074158368
-0.05852699808872283
-0.008428189923148352
0.09726088297224618
0.15122634588525521
0.025004555110129126
-0.02091913868098338
-0.04423647084322018
-0.1487693209666865
-0.06286235206713357
0.023900571399434
0.17031254074413182
0.20867525965548495
0.03023490290510692
-0.020524721502007168
-0.046578665743499545
-0.14144621106363756
-0.04781750103885592
0.05980571439616235
0.21023179422565944
0.24608075388704692
0.0467699921242474
-0.023877223421527528
-0.0580414653993068
-0.12431555758656035
-0.036822799545184845
0.06051198112520691
0.2243476512394552
0.25505506636461484
0.06066218953606492
-0.030076884388147786
-0.07340039989320088
-0.09084267280384042
-0.017847793011336033
0.06537429905200526
0.21039475151293544
0.2185849822487824
0.03748416932755457
-0.05349049832770007
-0.0743496987028012
-0.06289883103351138
-0.02632129329189771
0.05629767966963343
0.18080429176435572
0.20802566313642615
0.0649930607876523
-0.0036093601848909427
-0.02887101539369315
-0.020731953436940682
0.013241224680236665
0.09258387509003034
0.18816803765663412
0.23220002676744736
0.11392903116935627
0.026069569842125113
-0.0038706636813964595
-0.0044604548745110295
0.027155387949064896
0.09878231123951563
0.17478359840003083
0.23381654188286122
0.14008738256774977
0.05067260257606204
0.005893165645384098
0.00483206226868027
0.03232366324129149
0.10192748737703575
0.1672354756781996
0.2494115409619618
0.18008369162783666
0.06868396612480823
0.017629854803904978
-0.00010372243125403604
-0.0005363560397596393
0.0015426528874102373
-0.0025264244087998236
-0.009769342966644518
-0.0046569862809812245
-0.004726697914338482
-0.004103194623808553
-0.0012363417673022627
-0.0035448447048285914
-0.0055420248678698025
-0.00975658595506282
-0.014646528634063835
-0.0063338216530278565
-0.005377771723614105
-0.005358497557468733
-0.0036417103243705463
-0.00718270166764835
-0.007982004961334329
-0.013944193758088233
-0.017185039710197397
-0.011843401363064113
-0.009891793061118443
-0.009965115320504394
-0.0069354898740281775
-0.013492477013043848
-0.013794391372537388
-0.02011662444419224
-0.020134702638290872
-0.010974415228196463
-0.005797560116789907
-0.008797113431863374
-0.02629660512532079
-0.029264732840533655
-0.023876299194438816
-0.030596920037900713
-0.033575564443974686
-0.022606356487023367
-0.012838930706014079
-0.016179380406746074
-0.05060571477355799
-0.034274862023243875
-0.028615060903585468
-0.04426113592390884
-0.041552229233952326
-0.025400580675846877
-0.01781597091715135
-0.02420500053876078
-0.06562431670707503
-0.03784698912760616
-0.03464269250007171
-0.04622334087197279
-0.04126658038074378
-0.014848514685676916
-0.013106696871153315
-0.0299646094901725
-0.07797280409870912
-0.050079233171280796
-0.04608585451995868
-0.06571127717685935
-0.04536474775887031
-0.014657997179722682
-0.014254367628123665
-0.030152189315716466
-0.07854259195528483
-0.05997183734946225
-0.05571237454912141
-0.06133610613858923
-0.03073128490423835
-0.012837825238809575
-0.021976028822198432
-0.03377715184985427
-0.06759129770733416
-0.06583361222070776
-0.05599052986432511
-0.052084413793981134
-0.03818209449136518
-0.02656036601822374
-0.03495661912565781
-0.04298788325461009
-0.04395188454715508
-0.0431710366268941
-0.044155009896952625
-0.050286177100117575
-0.03693791661870157
-0.024273319654650644
-0.0267898884462851
-0.03773334887187959
-0.02804736676634494
-0.026078140702880285
-0.026200641529306134
-0.03689718366353828
-0.026675366800287228
-0.007082545787074996
-0.009326191052355376
-0.022276585918728137
-0.01728365548887956
-0.00911935657736185
-0.010943583542852162
-0.022515949570111576
-0.019436326168547416
0.00017314974591533505
-0.001304845254778094
-0.0043164241896602555
-0.012344887301575005
-0.0051755373170934045
-0.007198280197105354
-0.015765638802469773
-0.01966925573588572
0.0017161182219330342
0.004610802263306544
0.002106415569207864
-0.006743575015372333
0.00011731480316542473
0.0014729037493259299
-0.00417362889900281
-0.010789758276972178
0.00718058146661465
0.008817051841314679
0.0029908627599708284
-0.004468201892144306
-0.0018371554867891487
0.003378692857604092
0.006529737466633168
0.0010052868605736026
0.009445661921481503
0.005512618489887881
-0.0002811225567826917
0.023836986925455973
0.016039385995336462
-0.0016609352608282545
-0.018175536364657338
-0.016644617097553337
-0.006401379205685957
-0.0029901119329343155
-0.0030370937243815424
0.03219527343439582
0.017778779125460244
-6.13468072799906e-05
-0.014991829678428105
-0.013422357864876578
-0.004284089825744321
-0.0014767084138050126
-0.0018446061782340162
0.04612023541578139
0.025460011325064893
0.004226778888333375
-0.014547507752747981
-0.013740237601947824
-0.0038093314496547245
-0.0023154154389343506
-0.002726986239074034
0.05352818500809466
0.026973311756399034
-0.002655482971791514
-0.020621930569642708
-0.00810394969667292
0.00709712339083895
-0.0017002411712915783
-0.0066705405578152575
0.055170790580577916
0.01875060569665175
-0.00797274556180249
-0.017636225951781843
0.0008694101742249723
0.007650402379692706
-0.0035363334601719257
-0.005436245870197659
0.0483493633869622
0.017461988578302702
0.005406527419500642
-0.005249059032928999
0.010386377194196552
0.013465501325979595
0.005372038990466605
-0.0020258319957561846
0.03953159782844424
0.027506791586148566
0.02336708058832622
0.012209302518288959
0.025530792327501578
0.02780826890386992
0.013960495322916391
-0.0006631785386205538
0.03340751824384747
0.04518004871743717
0.043247030068229206
0.018173874557052657
0.024872347716482245
0.02308674039663174
0.01258655649680331
-0.002482364549129159
0.03376347281661767
0.06630605026175584
0.06057957636452612
0.029543749251695835
0.026464356239832114
0.02176482388727352
0.007719807415070935
-0.00798511243865215
0.03695507708719835
0.07112026206238407
0.060245299466428696
0.02708403733323389
0.021221355896600343
0.017966725581325376
0.005200173965042691
-0.0102226813743423
0.04181613322686669
0.06835202805281337
0.05961610814997147
0.0276886486145099
0.024318976806483796
0.02283388769425479
0.008495793221264683
-0.005787151864943077
0.04032237296730337
0.05937862466536162
0.05264238151219125
0.026455819820787128
0.02590870702775748
0.028283801469861022
0.017770700762399155
0.0026677475407762973
0.044220785128404196
0.04815883076692239
0.03485015049541458
0.014931876410995465
0.021439771768460493
0.03367641989744025
0.03393462049932721
0.020310866434621037
0.03944991873056884
0.04236307580754195
0.02205906476933502
-0.0032063090026597393
0.0052134345527028786
0.02401105742230645
0.032264236930958035
0.025517094148845232
0.03350921623355473
0.029468256177171248
0.011741554835202152
-0.00917027330911475
-0.0034010076707008674
0.013569528468042456
0.028438385131414605
0.025247409557008473
0.021335945522795337
0.023880863331950396
0.0067097542550264965
-0.01163898818425913
-0.014317287777833254
-0.0024847812255694903
0.01575565197368848
0.02153343326209016
-0.002108509788397216
0.0067176883969642396
0.055697783357174534
0.10085635786743533
0.07303508176668663
0.023817676859566286
0.0021679460012610932
-0.00954316261835784
-0.011228006347656003
0.0005513454745049188
0.0541835343167276
0.1145325660551072
0.09155417446251747
0.013742496295379911
-0.011666992006404904
-0.022720266479421207
-0.034161014127924855
-0.017037042473393032
0.025378728304274054
0.09674974902353815
0.0855983220578097
-0.02139365522216306
-0.04717561891217578
-0.055556260773798515
-0.05563406571718833
-0.0310589664559024
-0.023742700284374762
0.07474812053374286
0.05067113694082199
-0.09073004499099356
-0.10571787213503274
-0.12368326250339419
-0.10073949825199896
-0.10056420308660875
-0.13720266351597407
-0.0215905480489195
-0.053863994418156466
-0.20073985638434297
-0.16841383223711168
-0.19849045682747177
-0.18578919455922427
-0.18725885452886573
-0.14181771827682418
0.02639311115698213
0.014292534883158426
-0.17467960910731994
-0.16727586352511128
-0.22293496339985341
-0.2741355853034663
-0.19099762458576847
-0.103405697607292
0.050279437525871856
0.049321893095490406
-0.15586587865875365
-0.187585069932919
-0.23919483281040063
-0.2951746300942503
-0.15057574530778992
-0.09921952398267633
0.07037830453749108
0.062184556819670306
-0.12172317707742203
-0.17461775128464532
-0.21423762253153042
-0.3309228016376412
-0.17000132035555393
-0.11066269401931861
0.07886201841301657
0.06917086707433821
-0.10319361489101916
-0.18881934124249544
-0.21897369209639037
-0.322297026588045
-0.10324485431093869
-0.04771559887297353
0.106768123047678
0.09725236855935766
-0.08604316186267648
-0.2249533271137282
-0.20436994212401474
-0.30034802272606365
-0.10056280966264507
-0.07180614767373503
0.0753189485054895
0.05632960483238365
-0.12344697956935137
-0.24541083742585074
-0.16567539760196112
-0.2529456469446037
-0.14013643794978906
-0.09228170773762549
0.02242173478808918
-0.0011711909878810074
-0.13323906912432779
-0.19655217549505669
-0.1210764675063358
-0.13153886499045553
-0.07592839586750565
-0.03293854749495509
0.024914381196894497
0.025286734905489407
-0.07596735876814148
-0.11532444732863095
-0.07459854138623426
-0.05985008372392215
-0.05518885042348496
-0.0020002046961731337
0.06055774222495556
0.08289342162714801
-0.0056775605132520475
-0.05213103279356804
-0.02983790468680755
-0.006905191504204472
-0.004403643397136441
0.04012198064435986
0.09214911228854716
0.11640972784447201
0.015785240838343702
-0.022796918064867774
-0.012758238209318587
-0.0022648829493748628
0.0037858431729072524
0.03728654620447196
0.0763297847313069
0.1365052243500293
0.0658104312932859
0.01686600913792486
-0.0013944559967120171
-0.009863946987607836
-0.009746779778161907
-0.024221574120632545
-0.034252610883991244
-0.05549373330007739
-0.04739431637885407
-0.046745505272449264
-0.03420216375625066
-0.01627654649752667
-0.016022787953539314
-0.03431513349602084
-0.033079370427438484
-0.05314897599705797
-0.03947868447999972
-0.04157459246630138
-0.03937876285595833
-0.02332112204023886
-0.019796485814813553
-0.036421589618092054
-0.03196898084709841
-0.06528990309788175
-0.04773446510252185
-0.04197532328649246
-0.03852419600725257
-0.026691499728376932
-0.021567884283361653
-0.03803236827646867
-0.04807973846322237
-0.07271089379811098
-0.03797393666839148
-0.02927148481396413
-0.03203920124154142
-0.009786053909206978
-0.0206460480608991
-0.05528579262116713
-0.0690884610938079
-0.05709321439951202
-0.016949164462462064
-0.004733064957857602
-0.01163623524682062
0.03317843367014535
-0.011046289477628646
0.002051723130576765
0.015399006433171849
0.002714698302237406
0.0359215505246156
0.038632013332123176
0.021149557779273593
0.08626991654746785
0.03683914671822996
0.08480380418202783
0.08556231614239951
0.07069027185179219
0.10176951526573412
0.0832939052839087
0.0736701285447001
0.07599617373585751
0.06628148623631326
0.06220785675033231
0.09698353222061158
0.10397461746609933
0.06755539400578617
0.05615410463060899
0.11945153198872889
0.07085995691698939
0.07481896959691503
0.02263723288735855
0.08937767827280743
0.08299128521563066
0.013514558017281731
0.019475807075474416
0.14361991797643164
0.04877603738559564
0.03251644319676665
-0.018590355706369587
0.030611150078042285
0.025445774401490096
-0.03411540414297519
-0.02907193932977246
0.12741527223044827
-0.0014571235798977794
-0.03404614359544242
-0.05012753914796115
-0.02787696574532398
-0.04245725430400319
-0.06832541423290231
-0.04408859812528976
0.06592045558426322
-0.04719502772756592
-0.053607160740425264
-0.059281076034110855
-0.06689998119906014
-0.06899317081094124
-0.07046838473104503
-0.04102817681236229
0.006386738109042049
-0.06791768070390243
-0.048397051058621375
-0.038726005828657706
-0.047666322932934845
-0.05324470137345116
-0.049404731007298
-0.03253802565347391
-0.017130165145395452
-0.06693202377662082
-0.05117464643155717
-0.030171689899667672
-0.03928804137622638
-0.049273135486294355
-0.030743650839740528
-0.020355256941098496
-0.016111316679961345
-0.04908671994077682
-0.04408064209048419
-0.03114358167509288
-0.04170642257608886
-0.04238209493393414
-0.02057139384811052
-0.014756382973908319
-0.011435951966770566
-0.028293912620577802
-0.04318169730422089
-0.04260919033501888
-0.041261562060423876
-0.0388548127312549
-0.023968188489808067
-0.015460481672018246
-0.009902728897483977
-0.04250812562335129
-0.08266732456105476
-0.14569434469420925
-0.1700599184081246
-0.1809673574116497
-0.17289844548629896
-0.09142966551226657
-0.04481032021114889
-0.07087782927973282
-0.10562053582606164
-0.15251810718859718
-0.1312538400192362
-0.14910027855238878
-0.16744840902600364
-0.08658772062605309
-0.0641764755006122
-0.09728309107494522
-0.16696502292087176
-0.1677384843314805
-0.08813921636033809
-0.1108228504020907
-0.1294169332942346
-0.08294379717417992
-0.08226394508426556
-0.15096051731666932
-0.21550333785436934
-0.17513852305036537
-0.11679572368156631
-0.15298092819416872
-0.1703449568626026
-0.12067921237765677
-0.10409679393421892
-0.1593342154466212
-0.22146081425277234
-0.16332433433962953
-0.04457419279292439
-0.0650482456584731
-0.1279307123450408
-0.12068974110869615
-0.13517428269752757
-0.15290700798043289
-0.2496257957948845
-0.15454321258206036
-0.0684095927124707
-0.07428819906457398
-0.10406748898990861
-0.17765513221778848
-0.15854138924722005
-0.13059641215035286
-0.20515022363569488
-0.03645248967153581
-0.054492680146871565
-0.10050320936563197
-0.21427460153390984
-0.15321946747389414
-0.10960707377364484
-0.10253621099939324
-0.05310126401625626
0.038972993361122144
-0.16700261149844942
-0.26304307072680944
-0.2959879493107011
-0.08271969480097557
-0.049931571349494386
-0.09565069093022999
0.004429484213007007
-0.06436251864061875
-0.31750401453451865
-0.3897628740277511
-0.2787505790384773
-0.11161443906070663
-0.04020951681839171
-0.08996101575126397
-0.07353521855885622
-0.20373832381541412
-0.34873723708918936
-0.32262214926115224
-0.16435217440440233
-0.15839588423107043
-0.06126568593058119
-0.09759314455842702
-0.22063984195217598
-0.32457448095306174
-0.31237054772934547
-0.2586934950346376
-0.2057834819235641
-0.23568685555316118
-0.09459525574033671
0.002519550351253611
-0.20028915697098362
-0.32849420513884797
-0.23923098872188953
-0.18239070695777287
-0.13377241773729856
-0.1601814793305035
-0.044496463642466386
-0.009406354316575112
-0.17364277613437576
-0.27638245760622043
-0.18868384974686095
-0.1552837313495135
-0.15323657873053703
-0.19325098697954032
-0.11665389922201601
-0.03705289096861847
-0.15836498908494884
-0.21787868482271408
-0.15048355314860143
-0.13170781242793828
-0.13886436040681677
-0.14488679181438113
-0.09435697574933596
-0.046710692242985186
-0.14855746852835514
-0.18198274916683727
-0.13089745667904154
-0.1525739649012165
-0.17366695392547615
-0.14110243240150544
-0.07699011129745452
-0.04076176479421689
-0.12495733351314063
-0.2066852817115837
-0.20706906577373124
-0.22058288843650994
-0.19134183159020132
-0.11411527565043111
-0.04016968382841237
0.0027418954260826755
0.005111699078863589
0.005038790362111211
0.008429456624588445
0.0015331214094733904
-0.013047846792691418
-0.0025671960520676114
-0.0006961549523495025
0.004831564543088099
0.01563677209806509
0.04005055507721692
0.051066920454523435
0.045859221098946364
0.026231856824944912
0.018609548452470308
0.006704046557835043
0.02343602707370891
0.06032626025747921
0.0957931930233075
0.11445104662557455
0.12040123910204538
0.1075009732307147
0.07124584448748195
0.03715494497415093
0.06067730689530967
0.12609399356619963
0.16717772058737945
0.16983608849847168
0.18024115926397977
0.17399002346281148
0.14870559569734426
0.10582157668302593
0.1245837514456794
0.215263804798889
0.2338245852255261
0.20789888717602056
0.1951910625749849
0.20639686224940068
0.22343224286751778
0.23591585062191245
0.21549298135787232
0.2600975638214167
0.18515670726252711
0.12368173721921535
0.08613129556643374
0.12366762137873799
0.20466941435280667
0.36409974476620477
0.32198619142139656
0.2247518659293154
0.07687532525039548
0.021514782439360707
-0.015057255196863045
0.021341953947020417
0.12924271260813466
0.4596775222131945
0.4101674120320703
0.11658126920974955
-0.005727421916891859
-0.03541482094972976
-0.03361733838033137
-0.008050459424474389
0.046614459046764
0.4926166130330277
0.4534146411531376
0.05214569795630954
-0.02353094143953729
-0.04175349234060663
-0.01896035666029467
-0.003417792947843945
0.06647184133182171
0.4915796246570647
0.4626074393204057
0.03892169158216199
-0.02884106004391062
-0.029865569910552
0.0012232731422291798
0.04381952421344505
0.16708588947447864
0.4346124273228586
0.4418534630235569
0.09746000184628059
0.023195970940763234
0.02577703495617083
0.07027330935765191
0.1547252003775826
0.25944328792592336
0.31280087041015764
0.3546856428637343
0.161824058375006
0.10829298234994329
0.13001921262856148
0.18086895968672934
0.237187642689386
0.24332753825882317
0.16268867957292277
0.22500516984838673
0.16815780400787406
0.142966145855324
0.15969378726693245
0.18626002942014433
0.18723707430783884
0.14847824966787654
0.062381109480409605
0.10696253235554931
0.11075853347450602
0.10898918164932586
0.12483227965143151
0.12340737090661215
0.10737951158844998
0.0654724311387018
0.012885473784312908
0.03525352021157135
0.04647918972507176
0.03970505736387422
0.055960235557227414
0.06382719816187182
0.055434016288036805
0.02058967453116938
0.0004847710499147022
0.005609528306030597
0.02187817213399058
0.023054425765313528
0.03630659750191371
0.03238047630785473
0.015180367972511903
0.000527129410133301
-0.0049447454686984745
0.006327137542499025
0.03522076745545882
0.0738531431654028
0.07566203616855317
0.08965134905220151
0.10212445951752237
0.05315742272750536
0.007831102563502303
0.025133186085110015
0.05020175644572857
0.07418566944593342
0.02778790939486103
0.024737782985158892
0.07541105988377164
0.08418962920111674
0.03063660588460733
0.037854017205038254
0.05312377188763651
0.06613660401670059
0.003708755219640016
0.0009784755829805702
0.03759569284972202
0.0814964192764882
0.05221654519162162
0.033871363650245484
0.05065467369467639
0.05486909801384605
-0.02041598914264284
-0.02327661426681903
0.009817935584720192
0.06483906747905789
0.056907882415015355
0.010291401894060177
0.03508694600844248
0.043270524107484325
-0.03468783945722425
-0.03608964804801163
0.008656365303173087
0.05256505622985609
0.05046211945982234
-0.015324787472892685
0.03503682191575303
0.05005803451662136
-0.0041916135672417296
-0.0073799765531799184
0.03537099979899819
0.041188581163558446
0.034211160173564036
-0.01699967357039514
0.04865993366321246
0.061817053925782066
0.018153446899071335
-0.0043246301939844885
0.04058421156143373
0.02395801307880884
0.003940163390748566
-0.026878967209846377
0.042323507297108875
0.06538989741325467
0.022883073845233744
-0.007382193892723024
0.019881055818240557
0.001087210169839543
-0.0237051257705249
-0.028858695190831396
0.045047528459311655
0.057968397771133905
0.012473495094977399
-0.027389243174927476
-0.009654930919454565
-0.025228168566606424
-0.047307087613437576
-0.032477147017791544
0.044296370917667964
0.06170075122711632
0.010256977823287475
-0.03437758652341913
-0.025976308840006627
-0.03582306550128692
-0.0520153330375419
-0.023354009634366044
0.03320177834858749
0.04621558026076558
-0.011161987500060882
-0.05895113866230375
-0.036595960489791884
-0.048743585664287034
-0.05431782488583756
-0.00967359723962141
0.033515176919457504
0.04955189138373095
-0.016575330244231752
-0.06826682849926718
-0.04885348717605327
-0.0597251471665037
-0.04981215012854583
-0.0029738329256335703
0.016506497702993807
0.025883806798891223
-0.030102865552064928
-0.052109001533134004
-0.03784629906769747
-0.04420614326567311
-0.027360579722004667
0.018575368963022913
0.030824470386112572
0.03225470497914225
-0.021059813772929415
-0.037181202489950535
-0.031502282258998406
-0.03272877673961789
-0.020077631242186592
0.022588845337491323
0.024956704672437973
0.033481767395243854
-0.012872636717518805
-0.03757524233752401
-0.015884006696244683
-0.027812395051747093
-0.01622106903528003
0.018856881420561716
0.019319949675251177
0.03608580249553707
0.0006784474962728405
-0.03570075216368873
-0.02139287826188038
-0.024685743434744254
-0.009607974001625401
-0.007000104633453697
-0.007431884990088904
-0.015196916148467769
-0.03849424002216882
-0.04290996741133927
-0.04973484819659158
-0.03889219428610534
-0.01750827641018341
-0.012532354876785697
-0.01112519027686086
-0.0183291756970782
-0.03520790588732161
-0.03782822578582349
-0.04926888210073543
-0.05556558693720565
-0.04020615028493143
-0.012649647327792361
-0.025531867512022122
-0.06319565826060232
-0.08058404134594027
-0.05672428392673511
-0.05815030421834591
-0.0662873012156353
-0.07022942021861009
-0.03089909659409477
-0.058024139780416074
-0.0958966299771885
-0.11865792435989263
-0.09758095274127948
-0.11237292866926785
-0.11258569526042504
-0.09185010813419242
-0.04799919251698045
-0.0753933959291174
-0.0939401928879175
-0.09580088491316545
-0.07774095542820353
-0.09374854270593462
-0.10046381800755694
-0.10382223989841712
-0.08097281527823656
-0.09967254078376778
-0.10173997365100443
-0.08551892868329149
-0.10029641310737811
-0.0895567061218007
-0.08123972829121352
-0.10467234294034253
-0.1185829731662436
-0.11096355546358036
-0.11852785785186241
-0.12226211304772384
-0.12270761214535512
-0.07428921933828048
-0.06580020288620905
-0.09299771574666155
-0.14706151582972465
-0.11939204587322962
-0.13861984654103368
-0.1270685864929472
-0.08486467430610613
-0.04960124791994206
-0.04211366309602615
-0.07817864598298031
-0.17829083501367438
-0.14146446380815061
-0.14229171709655708
-0.11359858237249008
-0.05219214358542661
-0.03704432629339247
-0.03173868244450938
-0.08003801745269172
-0.19607396157537718
-0.13707576478303898
-0.1164697222107408
-0.07999173996237847
-0.02800637844354331
-0.0176576950429938
-0.02108032537639298
-0.07901372064776087
-0.2063317948450589
-0.13180659601779066
-0.08196870730243747
-0.08724743450114852
-0.036178556213186906
-0.020468589177809735
-0.027157456139117846
-0.07919373502717593
-0.19138072701605768
-0.14824547954508138
-0.11026780729936736
-0.11611822404049515
-0.0695162391547561
-0.04206217487419338
-0.04985135473100988
-0.08889524908839581
-0.14286268169748279
-0.13326798513225918
-0.15056761084947728
-0.14722013674252646
-0.09212694406496301
-0.062370871957736974
-0.08717915301294282
-0.07186722033359848
-0.09615755524664472
-0.07399277470759986
-0.11033750521090355
-0.12917533255449837
-0.0962031476806909
-0.08030926429392425
-0.06704349961230904
-0.03255907881738346
-0.058681150639491864
-0.05943971681656965
-0.07908724775501631
-0.07921661652846454
-0.028444705158764794
-0.01773198665837604
-0.009165834681797793
-0.007922086304048852
-0.027382689464286538
-0.03978857678932092
-0.050401282085258174
-0.059005369723993936
-0.020613141817029827
-0.005571066322675349
0.0018595804756290643
-0.004534802353529189
0.002358439899013549
-0.015683211467085678
-0.034934857823098325
-0.008315854085265
0.008240667744702269
0.018196572801790788
0.029017689077823684
0.032138339263843435
0.005084117580778607
-0.01034143779942762
-0.0352160554357462
-0.009468345274086635
0.008024207572257277
0.010713794580873941
0.0031417430338569015
0.014977552481642066
0.015517125142965426
-0.00513427575286866
-0.040364738747048344
-0.026748740123952338
-0.014621929874389369
-0.010276408433552346
-0.0021088219378081804
0.02801582886709304
0.041965475619839876
0.025047647172581535
-0.017024373345610376
-0.004636473984343387
0.013358073505119942
0.01705924710883728
0.006393435394777984
0.03454361067555627
0.09427589645164787
0.04508933817034858
0.009037086710408263
0.02963454314057105
0.043275385154643464
0.04749907477446576
0.02284096849051471
0.03420027327564507
0.12656770205872037
0.06835540514532562
0.04016970120267258
0.029961929196938963
0.02692141543475044
0.007544601865616635
-0.021568281371592737
-0.007763726412859243
0.12947971781637257
0.07204288660888958
0.03670626795896978
0.0013256191498673185
-0.011315946997251813
-0.03207691439701068
-0.07648225382988874
-0.05119425135405418
0.10476021732064318
0.08599475516633913
0.047581616280217974
-0.016491633894197482
-0.034836790544221806
-0.06095249015902689
-0.08114710586278755
-0.06580783118413812
0.09592291811173786
0.13703705116148104
0.09221161167743674
-0.011728227908910966
-0.04025856328643871
-0.05359021962731719
-0.05934538781665006
-0.06897052351606718
0.07737023518126386
0.13888128288422208
0.08740385695332581
-0.010831825162844415
-0.040498580755762334
-0.05470746469346636
-0.05250442452773024
-0.0740637576799664
0.07612813768406415
0.12521389615210146
0.06945909033790477
-0.0050237861762818395
-0.026032826989555526
-0.038342269562244916
-0.045019571298998966
-0.0760005369988813
0.05860930796712867
0.09976750833322674
0.05775111718310923
0.0025103727741770257
-0.031074414477109187
-0.036263866554333356
-0.03907393903494212
-0.0811188120467796
0.041433242799077445
0.056519770309993826
0.01850062219747424
-0.01173799061297544
-0.039888769440393296
-0.053376393804201304
-0.05207736596727035
-0.0812675281989226
0.011294943303476681
0.007143566742092789
-0.003231068551259957
-0.01298345920736367
-0.03903518091485868
-0.04692054880586506
-0.053157247855126114
-0.06447670084963822
0.009462871060866877
-0.006293922249254444
-0.02413098399378613
-0.03599726343052178
-0.06069847327826769
-0.065299262138415
-0.06209883241384671
-0.03732242705505441
0.003011135041584747
-0.004757562890417609
-0.027534719397170605
-0.0448174330468499
-0.06294439534534305
-0.06404909793384167
-0.041266414941403054
-0.013975336692196048
-0.003799273457207308
0.0013497780282793162
-0.0023088279686205374
-0.019473056918795664
0.00039222463750221523
0.011737832751313544
0.006796360690702143
0.0027913273516211247
-0.004759456818268633
-7.007606759867234e-05
0.0044010308557662905
-0.014417806304261135
-0.004044010675130429
0.006525663391160592
9.28524081685326e-05
-0.003581905159989764
-0.004817878283465996
0.011359177414543396
0.022541320931032366
-0.022842593659297507
-0.01932819898732704
-0.0174068787707326
-0.024770352346580746
-0.02228907888294446
0.003473430256375638
0.01661743412286264
0.004337562903491806
-0.055788115685982416
-0.01722503247866485
-0.00040399645739425886
-0.020470973452566297
-0.03816080161508345
0.00807359807490877
-0.004537366934894466
-0.03760724777363006
-0.07142564462977166
-0.035805911220695305
-0.02205700679975396
-0.04390353600741419
-0.05801486206567659
-0.03269963255917897
-0.04883763252797839
-0.035887605156549755
-0.06500397195051513
-0.05249680624483957
-0.027655340118724125
-0.037372690122365645
-0.07289582214559258
-0.08800730809524955
-0.04664221873487938
0.018453238606511043
-0.029533648092061427
-0.01948215524880649
-0.015142591387383761
-0.02944218673926401
-0.07577943138354701
-0.15616375759897788
-0.04451056806153927
0.03465336910501191
0.015679708217930043
0.012135414301373503
0.00887823647748092
-0.01287361812966838
-0.06507042951033348
-0.19494477082278913
-0.060032795351902785
-0.016774273248813483
-0.020766785255132612
0.03132029534739608
0.05192530483161128
0.03645573640323086
-0.013710084685823373
-0.19981240012650886
-0.07787786874878617
-0.048671981902897406
-0.05641911767783112
-0.009322277141254488
0.030423995888706874
0.03627727424209685
0.025990592971281416
-0.18020204460682557
-0.07945215026402482
-0.04541737777260527
-0.07042647002233282
-0.039058027629149575
0.007283944236159284
0.018316746637500523
0.03892892765426145
-0.12902293862098696
-0.08436664856021571
-0.04069027344315187
-0.05346157348103555
-0.03201378739413812
0.0036912225943581648
0.008005876787971676
0.02512714131483993
-0.050288456891701104
-0.04498300826195885
-0.009326856793195774
-0.03911575833128419
-0.05506522060780214
-0.012548494269729536
0.010384959411677675
0.025997855985458805
-0.014463541037917126
-0.022412972467600743
-0.007436483777404216
-0.0362512079598985
-0.04672410986231807
0.018052797739579955
0.0206407004249368
0.00973785256823381
0.002242834797243653
0.004950863733136619
0.0010799034453820237
-0.017892419279722932
-0.02644466048428646
0.01623101707365208
0.009937227194621614
0.005339541267802483
0.013137233804665702
0.017692487229106532
0.014694659251176407
-0.0039752340571779865
-0.02583268544341453
0.00321284460472311
0.00370570188109813
-0.0011967506759502148
-0.00798201084231808
-0.004115677195595084
-0.0002323675336316108
0.011172244818964104
0.007208643707463781
0.0018707653195989629
0.006563261893112591
0.006824382991406396
-0.012297516639934739
-0.00820887125822328
0.009916634085889834
0.02764352856261982
0.021934838349680647
0.007361990733508207
0.0007713860352389124
-0.003006248431500861
-0.016233475242562096
-0.010216143917238737
0.012824766163778603
0.03371662956463255
0.024679317551987046
0.011010686179623669
-0.0020352991276514753
-0.012245357922427511
-0.021772630148395037
-0.007596980742552159
0.019332016927395314
0.03868192837791146
0.025882941169009355
0.019129867186642224
0.0018648689755132127
-0.0140929793742185
-0.024598785951764367
-0.004775832242999688
0.017237528370134505
0.047525719494571426
0.0405870346506725
0.03662587350393233
0.004263544633591062
-0.010078613049306937
-0.013050143267282354
0.006555239889085082
0.023513526764360054
0.07466501698641366
0.0802383244503866
0.03957887599197
0.006345032764112983
0.006283654858484916
0.007522466654742733
0.02139294880725662
0.03601777321068974
0.08485039826332272
0.09529462146854832
0.06418751335411807
0.019089477085652222
0.019056998270453155
0.011626386863727004
0.014394341601679548
0.033324691479963885
0.07566681358176684
0.09020605721119697
0.05768346464057547
0.007031143728218101
0.012122949343311708
0.013133846540482216
0.03164418040212824
0.03717912802253352
0.08290691108675029
0.10341557975299033
0.06575346501434841
0.014558605899135867
0.0032313904800327893
-0.014360101135945906
0.0010931044320028592
0.01258481965313791
0.06549948735055704
0.08743650611614079
0.028846395382743396
-0.01599183110336583
-0.029377494226098942
-0.033967162699798575
-0.03972888771555209
-0.015063426772112136
0.04695571821589512
0.07661144082297747
0.021719043656011766
-0.014591546004406946
-0.04570149631058965
-0.035043603178937295
-0.05202219899077138
-0.013114443809688918
0.040947981556682375
0.07212770091398316
0.010776547653663272
-0.016923150886015495
-0.04581875010003373
-0.036851775612337226
-0.050341203933951376
-0.020532378217713736
0.030991788098743478
0.06496961289879527
0.012762478752457137
-0.006053433566319816
-0.024914879469219955
-0.03505668592369114
-0.03594574691031836
-0.01367403447641076
0.02444017034262176
0.043525800468615566
0.007035213716528524
-0.006148674414343252
-0.008231019669236471
-0.02800639152590303
-0.035221518535403985
-0.01592624064476989
0.009661317025194315
0.028054351361169412
0.008678770911766229
0.0030787329684483474
0.0021564210136618984
-0.01149374805096908
-0.02734392452274854
-0.02324043647336402
-0.004618089930579642
0.01953795814980567
0.015902294573837863
0.010455538299720242
0.0019546315535879455
-0.006330296241610175
-0.016064062060381516
-0.040535322910826066
-0.08968144213094374
-0.08553716308968369
-0.049610633702381654
-0.028746610235229265
-0.014012752980686488
-0.0038405896532188477
-0.02511712189826436
-0.05572155441066334
-0.09298985243544261
-0.07712931733617066
-0.057423192955563473
-0.03414299554208721
-0.014964427849722012
0.019465864945221203
-0.027052602776949732
-0.06823054344339752
-0.11627176382860911
-0.09735046024135599
-0.06955372357571908
-0.04088154704772927
0.001772838963381184
0.05744267803769239
-0.05156941932666113
-0.08728859247583856
-0.11383347947036755
-0.07378513273020854
-0.03450544516241568
-0.009604577768253717
0.029207479819546328
0.09715558429451253
-0.10040020650738875
-0.11691891113739417
-0.12331742939413058
-0.07757008223613623
-0.005797932403973661
0.02205851494082295
0.05654855373567301
0.11026077729179752
-0.07544623428233534
-0.051016865708370135
-0.05949439860309652
-0.05600338666219632
0.021371213304664346
0.04713414183203073
0.07558190691479469
0.10853727100506798
-0.03840177678658006
-0.05037997646907632
-0.06929036618253033
-0.07003007737946576
0.024881919447609094
0.06449503424120447
0.08349328347097182
0.10715276152572577
-0.005619947777230939
-0.04946849281344122
-0.06413424353744045
-0.051969064604827614
0.06655397488137779
0.09019086423754309
0.0841874675965029
0.09875693060764272
0.0012362023608498598
-0.05925023338199871
-0.044379954207033584
-0.021907457981882202
0.0937052412252769
0.11918261592985332
0.0744721238883202
0.08517303618577184
0.054003923877975625
-0.009119415997934645
-0.010185762676322173
-0.003233377243273186
0.11029599028653765
0.14396787104276323
0.07352326334119029
0.0562191155429763
0.07236214919671731
0.05541928458084731
0.04227571718360099
-0.005266467023336874
0.07020617177068912
0.10327457620100393
0.07001047630381801
0.021980575217878547
0.035930820821711264
0.030589881803571237
-0.013949128615949935
-0.062556911781137
-0.009288520761088956
0.03374904209488525
0.06205134030395719
0.0008608312638867778
0.005758349401261934
0.0025215386110434765
-0.03791804949587295
-0.0591927559315462
0.004924803918765086
0.03154788228066172
0.048523030814500004
-0.015300439944646766
-0.01675147355916436
-0.02454979059679916
-0.04530042290827549
-0.07377562237067818
-0.01746228603285288
-0.007645813701769163
0.0023677664499355314
-0.016291954168993924
-0.026048119209947318
-0.040866182386581316
-0.05914242625190318
-0.09584538063042494
-0.03538362315342611
-0.02165405955321999
-0.008985201467429295
-0.010798378630325569
-0.019980623246752535
-0.030129625149066076
-0.05303913431668873
-0.08282999457105464
-0.026419883835738043
-0.01556622889760547
-0.009719754671310633
-0.0016697273761627095
-0.008120470193973104
-0.019711134154371802
-0.024119967851498683
-0.028433890625646184
-0.023297334345388974
-0.012848965878375952
-0.0006220805330139185
0.00270307127928627
-0.01015943011254487
-0.021557603954326557
-0.0242360732768744
-0.030348245427040215
-0.026152179520851478
-0.020566615868825574
0.005485373719906453
0.007211286199123139
-0.010490979855454042
-0.03419594628721835
-0.05199750796792757
-0.05827179096496998
-0.05416549324868537
-0.030345331449351868
0.010904114013424764
0.0029975731432770976
-0.018805507041823943
-0.060225438268802646
-0.0628899716801245
-0.05296025776149725
-0.050290135333438485
-0.016112592770236682
0.01030496852514178
-0.014476436081129033
-0.05758173351038462
-0.08790000400327669
-0.06771784143383237
-0.0819658209021501
-0.07586235665943215
-0.016938868340003733
-0.008865216929671368
-0.051261597846224846
-0.06709560368661541
-0.05525677083043323
-0.042933052032464454
-0.08433921923671343
-0.058241441273462376
-0.006474785908562511
-0.03317555177244883
-0.0803800728203739
-0.026022852072862306
-0.04161354968274913
-0.04976038037570375
-0.0768289072856864
-0.03430555236784897
-0.007616864236169703
-0.05285469475036088
-0.10428819964828447
-0.00500848609004803
-0.04215419402317046
-0.045311076333265636
-0.05558618520051313
-0.025387591100486235
-0.02541473833570508
-0.065635364372243
-0.12189449224376166
-0.009020007003067269
-0.025346304290796342
-0.02801411231278873
-0.049098975619765416
-0.03675874868834578
-0.03859511492922059
-0.07929733550346296
-0.1281684816603542
-0.02954027216232793
-0.01714544821787615
-0.016756679634459846
-0.043636072036930484
-0.044485911547401634
-0.04203301078169129
-0.08576320081306218
-0.11973766250577639
-0.07907373880543046
-0.03422222776717882
-0.026037710743825222
-0.03824912537961543
-0.03548537819896871
-0.060366316455505956
-0.09633161363027926
-0.0952788516731484
-0.08287428853782333
-0.03584671418428024
-0.03424278625778164
-0.02304184333235276
-0.029601597587249236
-0.053850317988253564
-0.08147405118410943
-0.07316803467127782
-0.06857829526606442
-0.03456134967849395
-0.030270463936664615
-0.013015023956560137
-0.0244869579134112
-0.03980049551593807
-0.05415738713627453
-0.04605179483884435
-0.04117132912741464
-0.023344746877514873
-0.014263220455967543
-0.009916169515259744
-0.02529264797397537
-0.030227123623706487
-0.024871577398807392
-0.036668920741120443
-0.033578864161816255
-0.02084084888683674
-0.014782198542343885
-0.01704465915168327
-0.02339036132704284
-0.015988604169732534
-0.010475466648581136
-0.023827195475182517
-0.03184868198920479
-0.02869291846787537
-0.02523119125407078
-0.017452454856649702
-0.01470724336217094
-0.010690897560396453
-0.005289680757361384
-0.00262308748853886
-0.005156470505036935
-0.007855947222323486
-0.013401265149490475
-0.014290991114987734
-0.013444416506827383
-0.011896180315545698
-0.007577172599531061
-0.004888400345901566
-0.0077549555182945045
-0.011751119228756069
-0.012529907721768912
-0.013120188806650576
-0.010737096831164446
-0.00993927486583706
-0.006143927149676434
-0.007770850663532188
-0.011609774783531614
-0.015564774719143219
-0.016277856667196583
-0.02106538603582641
-0.014145690600893634
-0.013202951747182834
-0.006265132256899666
-0.008918956521859053
-0.01731496800114005
-0.024837803467251937
-0.024113039253083633
-0.03267715896003571
-0.02272907816991887
-0.018682886426675174
-0.005173786998051482
-0.0049162376919397455
-0.029597839192708475
-0.033108241512081485
-0.03368322692951571
-0.03443857159976086
-0.017863924102739567
-0.010582472686261559
0.015293180679137212
0.010568348893690137
-0.03945300563419982
-0.02758090039931111
-0.026488615618247318
-0.019718146083186533
-0.016271652272543104
-0.0021431957003703052
0.040784726567182544
0.017400952748790995
-0.03859746004191475
-0.010851134272509324
-0.0006866796652126073
-0.0057407790946235274
-0.012334044137525054
-0.00029558556936243996
0.05297587420265929
0.02266262431429678
-0.020147632817753426
0.004350896584929869
0.022036108111578585
0.0066788764125894195
-0.008079206925852225
-0.0004546364446997305
0.04900545650180039
0.020701786088004527
-0.01262896436781525
0.01354049165403418
0.025617645661681315
0.01203594777847801
-0.001996277173007595
0.010075845875783024
0.0420082514505183
0.014373649792027429
0.007424903296828246
0.03051242822377807
0.017954727544006337
0.017309575159418892
0.017606926391789957
0.02477376123402838
0.02744129618662095
0.0022133039095109247
0.013228701426476698
0.011768085662826628
-0.0025114588657448272
0.010521129621981916
0.019401669443264387
0.015241630751139526
0.002553964274040601
-0.013351276450526174
0.00013395289663695138
-0.011815275034048684
-0.014020915551242746
-0.008438629884162507
-0.007261949962428801
-0.008838897063110562
-0.011855103071908296
-0.023467888346963752
-0.01907061951713694
-0.0235598940299935
-0.025269009338770246
-0.02446147434326474
-0.02064007423663869
-0.02030992369875197
-0.014275032897281542
-0.017708454302571182
-0.01991424521958273
-0.018763739630590776
-0.01769378927192959
-0.01885758728288716
-0.011396167934440276
-0.012505277061711482
-0.008861942525232015
-0.010490149839585627
-0.012328876036630408
-0.012334340232005558
-0.012319844519535331
-0.013772426796328799
-0.008834169031419049
-0.007478618994594849
-0.0042526379419961825
-0.006280699770161614
-0.00864696787700456
-0.010355364276339228
-0.013387965027618595
-0.01368813087865904
-0.008617364055282468
-0.006301320133787787
-0.0040703208528705855
-0.006592921538611834
-0.013193868313214095
-0.03185525198579698
-0.04115018274550081
-0.04246269560127575
-0.03398055410539684
-0.017671861715448992
-0.006491414583223714
-0.008092538112017569
-0.020332398702342543
-0.027054562094825273
-0.02779542244893449
-0.022939459008320395
-0.01960596113130405
-0.010198057866314234
-0.00359213920940534
-0.009286968751440021
-0.02179250877654258
-0.025427350593904028
-0.02375676690335064
-0.02067218723074147
-0.016618279998157556
-0.004097933515133112
0.0005622202895104894
-0.007834126726339579
-0.020253120315628866
-0.025473400505338088
-0.018683796152126224
-0.020109360211281506
-0.014689518864572496
0.00425525385646268
0.0036848671304618055
-0.012184098589021253
-0.021454575596373822
-0.01891921374852193
-0.01827875276637113
-0.01993741497298882
-0.011786457945317734
0.0005526840727877554
-0.0036896589658185234
-0.034399089293301585
-0.013362222602141649
-0.005578777204707117
-0.02500769775103527
-0.015299710061435155
-0.011002842921444008
-0.023089905257231858
-0.01829746018560183
-0.0529541885161277
-0.007644672918209618
-0.01064615447973159
-0.015703012313207244
-0.006954219705053569
-0.01978676538226565
-0.0395850366335572
-0.026703901348435383
-0.06786418553228181
-0.015504365574608776
-0.0046073114127566745
0.014431139338135253
0.009140493427136688
-0.022699997078734747
-0.04352571037634153
-0.033208168837889566
-0.06821392803153078
-0.0209416891061215
-3.3672666322595284e-05
0.01564295424784086
0.008005639429738835
-0.020421012357758762
-0.034001693279240096
-0.03857232326490871
-0.05736583568257879
-0.016277718477565355
0.0009725080127245278
-0.010042085820821618
0.00010770312977633866
-0.006371936266950182
-0.01928475225244582
-0.04260970244441701
-0.03478383424738235
0.0005733172009398869
-0.012457063414471928
-0.025157487036856333
-0.007518049390185995
0.0015812138545733987
-0.0004394175954684463
-0.032518151699986175
-0.01941859395631478
0.004296531276962488
-0.013567364038480646
-0.01756985777695234
-0.0075166409484127925
-0.007872505176002367
-0.006121978158236568
-0.025192441094743435
-0.00872255816364075
-0.0015916150487479467
-0.01791605371937034
-0.019714429951029577
-0.014106806398150741
-0.01893527226197757
-0.01809732691495323
-0.024126888088513685
-0.008781320233560324
-0.009040735281636377
-0.02162925736572536
-0.027819160364670956
-0.01584917140782242
-0.020251461523814903
-0.017201544054042596
-0.018324847899692114
-0.0105257988453612
-0.012167299837804952
-0.02020423878398746
-0.031288248799245987
-0.02179348065283912
-0.029395346770307945
-0.024022470501618955
-0.015156313283488338
-0.009678382545293875
-0.013893671126820542
-0.022686064416284527
-0.0362427148420071
-0.039369911027733566
-0.03944514415075199
-0.020019179334886655
-0.012472607439655992
0.025150700957235806
0.027409259422651173
0.006276291430365721
-0.013680762862958664
-0.013193331347831593
0.01277111237864125
0.03628782077246027
0.037661551063864644
0.03249714793335885
0.04538130190694722
0.024884790630558987
-0.0016035025819767167
-0.0006224972368388892
0.028791233078808955
0.04905643093347514
0.052858183148536714
0.029683256651677366
0.04229350851274856
0.034794458078265665
0.00990969701595587
0.009404583037668916
0.04399650513814146
0.06498426144486087
0.05529419423992491
0.02627320366505351
0.03136522294249186
0.03177292029901254
0.029812143400866874
0.033312985599670955
0.06224192343075601
0.07490207440913263
0.045367781791727284
0.015537135287496479
0.01922676128797759
0.027854693848615223
0.03185498215209234
0.04984895006594736
0.08286583857018358
0.07085153192734264
0.02874351281912637
-0.0004296238239727459
0.009126157733807995
0.019030664591630445
0.029990100837254015
0.06071532260477076
0.0873913914978687
0.05532338942374271
0.020813016608761444
-0.01609663432335752
-0.008244144540676018
-0.0005911995502963085
0.019399841718520383
0.06662368549581836
0.07420937435770965
0.0433339385287905
0.017762638066717726
-0.02482158007110802
-0.012382664683048088
-0.012634326488118446
0.007514436750790578
0.056901042182816816
0.046555410860781465
0.03589778869058133
0.011145774118681282
-0.026574809095770615
-0.008921607528352098
-0.0012226464551690853
0.006663228775481858
0.03126472608681262
0.028497453388977308
0.020027662468927832
0.0033655314259441282
-0.022980817005703928
-0.0020051133065883205
0.02127248230769664
0.009671180767426735
0.018273414254484602
0.017341781240481483
0.016941322790570805
0.003293173277715664
-0.010833553621759476
0.01864193081224535
0.035433416102785296
-0.0023656930726327643
-0.0013023712540111048
0.009807861671042868
0.01500896902389433
0.007538429750919016
0.0005903256358187833
0.02759372902511059
0.028307200778963048
-0.0017960046160423325
-0.013494259688556479
0.0031002113951676216
0.015930769713155286
0.010389968574957666
0.02577656568970398
0.03317153638761131
0.02329311183342735
0.00470931532052392
-0.018012314981140917
0.0035612907904499585
0.01893328750446869
0.013114567174398082
0.03598761468444307
0.03226542298404688
0.026179607828192196
0.0069966816274353175
-0.015434717233023107
0.001911333764025504
0.014465913150583213
0.012070170538113134
0.03498102416262482
0.030725401830247332
0.027398443781156894
0.01034321513763146
-0.007446328727907617
-0.00034380375783648915
0.010466071248232473
0.010348707719899534
0.02863508998960124
0.033448735470156706
0.03312305482216731
0.02219719626075581
-2.4785672524620897e-05
-0.0013080399240897886
0.008831542953552653
0.006236899366404609
-0.011480069143327136
-0.023278331447567302
-0.03585522891986506
-0.06094386175481512
-0.08416035973504461
-0.052731869496067
-0.04035730151542209
-0.020209269130743817
-0.012199230614026474
-0.024434703851952094
-0.04009577608815103
-0.049966092441293686
-0.06540306225137565
-0.055874394245928556
-0.05951313541683119
-0.033832929248064976
-0.024851565389964452
-0.034029155343111656
-0.05804523001527095
-0.062644521657568
-0.11116562899516941
-0.09792239296876971
-0.10010234752778698
-0.0778941432286115
-0.032721628033325734
-0.07016365978410001
-0.08734445110950087
-0.09583628497461355
-0.17473849200534408
-0.15625309885066394
-0.14836831667702394
-0.09671081235042683
-0.049579668038026735
-0.07368117724647624
-0.059792063449855826
-0.14637695463981182
-0.16735069904768665
-0.1246316483836718
-0.14260918365381017
-0.0975888017028719
-0.09056272404952415
-0.08089527439609322
-0.14201179307880515
-0.18202167035556402
-0.11329429119199555
-0.13205190722940088
-0.14742695347609386
-0.09255396540418938
-0.16716705039932195
-0.13720975586685774
-0.1904232673367803
-0.16624138108772868
-0.09561329772313765
-0.1421896437084306
-0.12338975318601832
-0.08912586077650403
-0.2125777603421852
-0.15133460163935494
-0.14337517414122858
-0.1357378476694992
-0.14995458184333527
-0.14190015884668553
-0.08502205296030454
-0.0821499475505219
-0.2588500785209564
-0.14202666910405248
-0.11445194327893002
-0.1080501975481587
-0.1506749134739595
-0.12851771601527398
-0.08248209966094382
-0.08575892643174725
-0.24503960471152372
-0.07808367265360576
-0.07401187255948023
-0.08096594289522925
-0.14097949127011514
-0.1377354814119272
-0.07424699221856103
-0.08784737899056111
-0.21132492009404671
-0.06851891490780643
-0.07104184018456218
-0.10663256291844268
-0.11537278881982851
-0.11388835113046203
-0.0698348781215061
-0.07203953578968599
-0.18275489890989408
-0.0973108752474573
-0.06678936649102192
-0.10538585267881288
-0.0689866229585682
-0.07478014286271559
-0.06361036398543257
-0.07700875417182713
-0.13890587976331692
-0.1317336905612892
-0.12354757614368382
-0.14666013064741892
-0.10845746079335136
-0.09355884702196446
-0.07198739683199729
-0.06852266843611815
-0.06848790805249802
-0.08519742540024601
-0.10509473712374312
-0.1302445596924193
-0.11030746538041598
-0.08639579663591579
-0.06506939959580098
-0.03969585006647851
-0.026397201588500358
-0.03367043315651807
-0.049094136063389554
-0.07715636984914555
-0.06316070986556743
-0.028543184801172836
-0.026751464038635098
-0.014256380883224758
-0.017571831731347045
-0.036387444182960846
-0.05950487769901399
-0.07276096648677033
-0.06278299434434419
-0.0243767138040573
-0.016657911996120232
-0.007077143822899144
-0.005492964900728396
-0.0028287329084289163
0.0588626744682819
-0.009323359179155648
0.013961118289258504
-0.0063508475833012916
-0.003214610305522956
0.017048216581379918
0.040357692497905016
-0.0031653447151084677
0.019535694362315174
-0.0036023788113060395
0.025741924746332502
-0.015763876924504632
0.016142268166404142
0.015748902677789903
-0.012400399686420156
0.07147637775023508
-0.012419645099838708
0.0216394414093501
0.010467479609014231
-0.008483937592805435
0.01790912403699967
-0.004559641604206523
-0.0045603201146666664
0.007061935299392686
0.10119101894295401
0.01967391384773764
-0.0017461965501729688
-0.01084847057787806
-0.0027786535448625963
-0.00418174524406869
-0.0025440121281619906
-0.0027211717639744485
-0.0020264630564036028
-0.002284721323751653
-0.0009702270703852193
-0.00863748556383018
0.015164259526353151
-0.014357498010698456
0.02028606744003081
-0.004112542033329764
-0.007160924765695881
0.009069175854774207
-0.0045371242594813765
-0.002680250791234037
-0.010657268774688505
-0.004743495694134448
-0.00247170853417075
-0.003024279446260244
-0.002413016461752513
-0.00713002571508812
0.05546400651722504
-0.0016891551846082787
0.011241949794417113
-0.007405781219648124
0.07303452753998377
-0.003297379934310334
-0.002562443512282056
-0.0019923518419101586
0.05969257680074554
-0.0046217070655191735
-0.002470665050762325
0.004736731490715173
-0.004963306594710586
0.025766404781674242
-0.0015811691343060115
-0.006774428228749852
-0.008116262281241337
-0.007076606424575872
-0.0056442561537635005
-0.0019333158711705377
-0.007783374155678984
-0.004017142523684197
-0.0015537084238148161
-0.0018793552674499397
-0.0017353308340837107
-0.01265641221949028
0.011630585586834755
-0.00606193718845201
-0.006354920554792475
-0.008178948275231692
0.08651744047257984
-0.017173900526923514
-0.006829595742009575
-0.008041514365350841
-0.0021214495821367985
-0.012427032258110178
-0.006098784845026388
-0.038221050485084174
-0.014210299152661329
-0.04990297202984035
-0.009437302221752876
-0.013516648599929069
-0.027575827842484996
-0.016145030061184517
-0.01888597833660123
-0.01603807427976313
-0.022871611601825593
-0.02159765719866147
-0.010440011133915343
-0.007943408615866376
-0.006299239035529893
-0.04521982466641428
-0.004156387670224419
-0.003267164995969526
0.018040914430810094
0.013633460281525801
0.014397388580008674
0.011420872156581637
0.01083785575243865
0.01078208956886245
0.014984109324077656
0.013800071320400186
0.03739937480647383
0.09363485847659185
0.025676580394697262
0.028130481657649604
-0.0017127911443436173
0.014691433160502088
-0.0054733558185645105
0.01756746958616873
0.004868925544678855
0.06072203304575667
0.0031607724286551726
0.04070314795888539
-0.002480748642460382
-0.0030014350893776314
-0.0016107902489614265
0.007067535962606692
0.009764355154279316
-0.004072894778289262
-0.002767606021118998
-0.019454643112992134
-0.005994190892124883
0.014296379135700862
-0.005336245280174437
-0.0045948885710966805
0.02774517730813115
-0.0029507463826043945
-0.00218328024197552
-0.021842178883601255
0.004081332990397993
-0.02259147572739728
-0.003722570019159013
-0.003616295424871246
-0.012804059177669531
-0.011836393618701712
0.00886161996528107
0.0075616783388925855
0.00816365761696827
-0.005291472059990989
-0.0037300309457544397
-0.0032685585442358287
-0.002666602888371596
-0.02032875338385488
-0.002445798325126065
-0.0025729614183518817
-0.002605216027308537
-0.0032328940458865073
-0.0030197300700205675
-0.006816028944415545
0.01797110235562845
-0.00204492142227089
0.009970922231843761
-0.0031151733790152664
-0.001221380448512816
-0.009043770803090668
-0.004995098970161834
0.23022799151397674
0.013723386726972622
-0.0030326762993541406
-0.0062326004372848486
-0.005314120662424163
-0.0037380980554930473
-0.0030677522945992946
0.014460204021095248
-0.004871024729646842
-0.002549526981778836
-0.002034966757663862
-0.0020038202738253646
-0.005687899098325889
-0.003217128390225728
-0.002294302604467758
0.01569869538233246
-0.01279528361993826
-0.002771428458381843
-0.004927881661085948
0.013179196332829445
-0.0016908197877007044
-0.0026007754207305342
-0.0026570766951045923
-0.0016179159931254748
-0.008170090905246518
-0.003404642974383587
-0.02971725428299462
-0.0015117115738692917
0.03255570982977479
-0.006640490817969295
-0.004056235540371136
0.015121385354368562
0.008224973855933446
-0.006096366485806306
-0.003346169340205981
-0.0018402185748353174
-0.0033160387762251483
-0.0023151615697869317
-0.010329139279193782
-0.0050605958310111126
0.011151639535320387
0.01536551063745112
0.03091584835937955
-0.004961246619410764
0.02788863821533477
0.019170450112122706
0.015974151224888003
0.013864668091398448
-0.0025824123442982497
0.038137807044952406
0.07183321787795083
0.0007753466942523892
0.02073038609894878
0.017561039960905488
-0.007390209705407861
-0.008008795815411215
0.060058553391385695
-0.008857018699875667
0.10593412349985927
0.0316173227168647
0.01756294164949934
-0.00296235692404577
0.014758398274136511
-0.002658991544974662
0.019071584428067244
-0.003349392648752338
-0.0024781056900370444
-0.0015705609273855595
-0.015217946171724478
0.009200557785800631
-0.003926311025253866
-0.0027880472128589025
-0.0029862084770739864
-0.004904752015052022
-0.0019867892453740736
-0.0009772014274060327
-0.006989704199435312
-0.0030793127821275895
-0.011880537190475014
0.014226304058859999
-0.004409444068329708
-0.004408611614055998
-0.003752128185760524
-0.006130781875116355
-0.0029372415929189584
-0.011368672986913788
-0.006427342288048769
-0.0013083646900631264
-0.0031106571507931325
-0.0026410303630855767
-0.008793431954382492
0.01825864860108594
-0.0014086885393322815
0.030460420015840574
-0.004010956828347667
0.016187445155261018
-0.0018819541575889195
-0.0013318712182065465
-0.0008486004498406697
-0.0019345170117041478
-0.0014878137425461996
-0.0011795521591972129
-0.006608732503142708
-0.0032612543410080385
-0.01445044371842481
0.015697621238898594
-0.0016175011112952529
-0.0033714480400014696
0.01933242438373094
-0.003724799972858283
-0.0022580362915018116
-0.007564413334938584
-0.0037513316051442885
-0.0011385113549437953
-0.001601576700982902
-0.0016725726737923312
-0.00758762219478802
0.07734399246659604
0.059907794685901634
0.011530678963761256
-0.02125555802061387
0.006124908021170301
-0.015453224223124727
0.012953548678971897
-0.012486532112255179
0.01901752274188622
-0.006235189885379727
-0.004964135997071596
0.004070246243803189
-0.02315540690437291
-0.07285883713570358
0.007252661276345622
0.009349899769869852
-0.017191588329563155
-0.028583490848329115
-0.0022246530543550778
-0.01073375437786621
0.019759937477105832
-0.016220889412287248
0.007947240987199585
-0.007983870806855017
0.009073623646721153
-0.027323721100382312
-0.004680931153637893
-0.00407586946794775
-0.0038100383682256817
-0.015937250162102935
0.027715796533152818
-0.006432141992335931
-0.0030755173048651503
-0.0053934227583671565
-0.007192459970344776
-0.004600641107773602
-0.0017994198327266515
-0.014497042153268965
0.008096455565333397
-0.04080754232537322
0.08106499314165821
-0.003810969458895956
-0.010227640233149203
0.020518247504925032
-0.011141639606123018
-0.0062186513882933935
0.008034329399187048
-0.010458936778942558
-0.004471123832021589
-0.005396544036342161
0.009354299250753647
-0.016904692515144596
0.042285868158074356
-0.021158992892254598
-0.021516328257679147
-0.1282672757476671
0.06191472586623376
-0.04153607173212131
-0.029303760793714155
-0.018459864910704272
0.22820959309313976
-0.013912687224172382
0.00038358186239229893
-0.040826932792291784
-0.033095757450339575
-0.15682112859568278
0.0705617776565496
-0.03141890714876917
-0.07736248109714046
-0.010743529864472507
-0.050698004990922356
-0.025919860282209096
-0.005325815654713355
-0.05218537597948142
-0.009142180684985561
-0.02516438487821264
-0.012242568734898642
-0.06805514390363174
-0.0034195996128314767
0.01423923623785931
0.05662728287723956
0.006556595363728144
0.015428703463763583
0.023078131977977565
0.016716447743241842
0.015853248418696893
0.043930537676252844
-0.0032910444285455683
-0.001969173196586505
0.030965410595658344
-0.007100733440372426
0.006660352546708609
0.013996232139189236
0.01826191761711438
-0.004372512232496238
0.07331131094618071
-0.0044153874163545504
-0.0022234178011860117
-0.006852951204995717
-0.002667037746328919
0.01878601579014781
-0.0016312126428565318
-0.0018140255543246677
-0.007650900583311522
0.01071118165635105
-0.0038681590081549094
-0.004332399436383094
-0.021965012831770856
-0.005683804359472155
-0.00619972249068507
-0.0023367284874761278
-0.003980234061219079
-0.004133029308943453
-0.0055039096262492655
-0.00260510944676545
-0.01625140415582957
0.08517210569829495
-0.03527094531449361
0.01597961157753537
0.009811995362516368
-0.009079075912906843
-0.005826626378610497
-0.007782374119325342
-0.004230804073390749
-0.013313443583391461
-0.006978130171005183
-0.004298804992397534
0.013282083870823589
-0.002377883653502717
-0.012029419956287516
-0.009432771375076959
-0.010178396549550661
-0.0057208359199487505
-0.03035372422343854
0.001712945496586647
-0.009014213026104393
-0.0075614723151885095
-0.004279195264580879
-0.01301198546924273
-0.0064811098604888795
-0.004330301751908647
-0.020660884028670484
-0.008598742098247023
-0.05246352693637349
-0.005893996858302861
-0.013643231723666735
-0.022428043047583827
-0.009063167435530732
0.006389490211409492
-0.005262986856844162
-0.01774854731791844
-0.0075011950610022245
-0.0030135962739332306
-0.004323506641764014
-0.004422459196109574
-0.03266856777340009
0.03722266967318212
0.01771712416041002
-0.004053073155704548
-0.020558743865225
0.08653522243521869
-0.007481313929751484
0.013161801437482641
-0.00592025837597489
-0.007449927254322343
-0.004179997408078181
-0.004243093316038892
-0.03184528670346322
-0.007956122848516208
-0.04856697789880639
0.059924319553485865
0.02914865839369932
-0.010813514354471967
0.012130608942195345
-0.008537245987318186
0.010724534715743436
0.006525035277541256
-0.0058627695983766905
-0.005963907815814178
-0.004965704290142107
-0.0032302132124507167
-0.018608289233857406
-0.00964867605059312
-0.0036050571902231424
-0.005518311483649099
-0.024531708202209967
0.03878450528190899
-0.010358742250019521
-0.006630666479571705
-0.00402987444453087
0.02824538367460958
-0.004666667462860347
-0.0023352406001747954
-0.019396607577464177
-0.015103539061506903
0.0279626474494207
-0.006835362110817678
-0.009177201942407492
-0.017185328984248557
-0.015178574102851023
0.006526696134653685
-0.005899860225499569
0.036841232405450806
-0.010112313006025116
-0.003754588337548305
-0.0059925351864015325
-0.005909207727559941
-0.02789494917698715
0.07936673358791085
-0.003651998505249994
0.02868630924512346
-0.010528387781376575
0.02768201757167788
-0.00833320728542363
-0.0033833482694810716
0.010134570104962465
0.01929034179593759
-0.006016311538505044
-0.001974849982396756
-0.012756837666474464
-0.003972319335436676
0.02389185564027055
-0.0029147231375302634
-0.005928689043459191
-0.005860013824259259
0.0051481063910275866
0.023824389006983315
0.0031232219081959232
-0.00748143875170519
-0.004077584378909192
-0.0016622948371374554
-0.00241024154525281
-0.0017789148166903748
-0.01937888577459228
-0.007735931163922399
0.01640817609366689
-0.009743576230275153
-0.0044001584540155495
-0.008458636250828364
0.006026151127070706
-0.009070565974103648
-0.004827996079643044
-0.010313263394873012
0.006670698872971128
-0.005848044429574115
-0.027638077052524322
-0.008280462746830882
-0.04127208899036907
0.07236335515706395
-0.009954966540734722
0.032382030228103646
-0.015826756032537987
-0.02382319959938187
-0.012138876675352987
-0.020478487580076195
0.004530546963101463
-0.00387991126266414
-0.00912860590102672
-0.004929875029467619
-0.03433098014538062
-0.0084913114719496
-0.0030564987584778495
-0.004835308840656967
-0.01993626956554747
0.01725805889294368
-0.0061085632576360245
-0.002646348402907884
-0.004412826220743303
0.007039685635205513
-0.0027885243676580487
-0.002800406935424165
-0.023872221605573687
-0.006328098067286298
-0.023520306430113776
0.014168738125424971
-0.007206177590774608
-0.01310707495639437
-0.0092467207250247
-0.010330861770364613
-0.007304313818945994
-0.0034137493155761488
0.014703552803424237
-0.0020831626707480165
-0.002742328059873087
-0.001961693952845102
-0.011759963333058586
-0.002488949888723075
-0.0012085850691837287
-0.0012502800107198316
-0.006094684062157038
-0.001186245286771584
-0.0019028378179899957
-0.0025921626314741745
-0.002326247716637982
-0.003741934094654456
-0.0021637300972337345
-0.0015572131270588198
-0.004311974034282717
-0.0022594373091590356
0.009277451661298028
0.03364436289776312
-0.002299415818794329
-0.006793065643218681
-0.003144798371230935
-0.004668690663948601
-0.002744780032160264
-0.007251872412261604
-0.004213984563622924
-0.0015181005119628496
-0.0014086933944975474
-0.0016556294961197677
-0.008768430201214041
0.016173032757203675
-0.0029595246150004827
-0.002026128105539092
-0.012860927047008431
0.0362870812106682
-0.005168566939156376
-0.003789540852460919
-0.0018400019812589833
-0.0038210038031416976
-0.0022495156413886905
-0.001524457260840477
-0.0067267030509947905
-0.0041515478498945265
-0.020552247072661543
-0.002998452527697879
-0.002649516402826796
-0.008987515333398727
-0.004722955565701682
-0.006011798809311323
-0.0034647762845557294
-0.010413334366873625
-0.003053998161801433
-0.0011856059171411568
-0.0028136173907209873
-0.0018770099810616798
-0.00599434589114822
-0.0029808218184165574
-0.0012575123517285514
-0.0017474324937728272
-0.0069558890633348875
-0.0015516099293350545
-0.005983469196325081
-0.0025076177037208994
0.01477632931445202
-0.0024196026894595336
-0.0024152592762758003
-0.0017816273487950278
0.10207221701305419
-0.004058522341929303
-0.013472560309077706
-0.0023527909464840144
-0.003044764840124615
-0.004420438557779473
-0.0061241587088728755
-0.003684546536848462
0.012934596751115903
-0.004476118720515291
-0.0052083932258029045
-0.0020376792755080744
-0.0033985744471893157
-0.0018789725140763486
-0.005268276840031834
-0.016380368532553653
-0.007742392020753111
-0.014610248593912144
-0.034544681469235054
-0.015805773596614524
-0.013849931803443159
-0.011944337048439127
-0.01058056543542457
0.05554122915172417
-0.01123423363655964
-0.008590350388792177
-0.034635250357210816
-0.01408300849365103
-0.09256504951449525
-0.0121122971239728
-0.013593373265509997
-0.02062748362137765
-0.023722599703502354
-0.02906958465422995
-0.016034048344985157
0.01590858555839491
-0.01703221704727337
-0.00667001485863188
-0.0059210545146195885
-0.00839700456836237
0.033447821195010594
