-0.18219120389854404
-0.22303136201987744
0.000979357837966266
0.01746707631508039
0.02538805082615475
-0.15883735539488747
-0.043212911634501305
-0.08584359169032828
-0.16033304617780347
0.02229886106397977
0.14288223220916757
0.10211332919892757
0.054249309459355466
0.09227025613381779
0.11719955513431693
-0.003169248459035323
-0.2941419600083835
0.013940673270336573
-0.012248295277112353
0.10645056437041024
0.14014440678040913
0.09063737885533307
0.04227390953606254
0.10394118060451496
-0.3156896316017317
-0.011779322276079487
0.10916184407148291
0.18083358376163192
0.22701992724329012
0.1711099791069221
0.07090548170165908
-0.07244820496258064
-0.5174710974008983
0.1679454065541479
0.11216189238590599
0.21041185009768054
0.2661842086584446
-0.02382316684139285
0.048415087039066995
-0.036512532573733714
-0.4221416489157336
0.16170059865216763
0.17055560938259373
0.19808939411671161
0.12201573168121682
0.002907533749039737
0.03652550867280374
-0.09551643577645975
-0.2168617009681828
-0.03873267986130449
0.16462881634905835
0.11367075043908215
0.020986710262108937
0.07955994107837908
0.11866554771806152
-0.052971021601437684
0.2556821683023123
-0.229247825922391
-0.11784457613551544
-0.060275859352612926
0.18386976739242827
0.3163952606970812
0.34290329068292424
0.07932357703095644
0.6146048267534268
-0.21980299265247677
-0.15469268431984562
0.21521985099255725
0.4233065604036908
0.4979804537457185
0.5525033231845211
-0.011434913744719444
0.625875479339999
0.026067702225351985
0.04819588856005186
0.08887352169815976
0.3748479799831722
0.5966823328990567
0.40040413720203505
0.17631121832568686
0.2825341693685416
0.03872295134853754
-0.16884382530178382
-0.1713111592426712
0.152285416176256
0.19809255328225406
0.21613345781182441
0.5360080111074434
0.10970744498555152
-0.028310473034154404
-0.15183578228067657
-0.22214618547827203
-0.058481946538509105
-0.06754078598980193
0.15310235370934042
0.44684003731620325
-0.03969304589132294
-0.2354026979982322
-0.07992806333419245
-0.28459163262321424
-0.19954410465517247
-0.2473365016757402
0.13345735485100163
0.3966300516800065
0.2114003672275761
-0.03287545267845787
-0.040300676525874074
-0.31958643476588083
-0.31484103865099666
-0.31866273525121314
0.007616372988055703
0.30241297414263435
0.10721596267869002
-0.08337115010669183
-0.09275383262368836
-0.21402832414884534
-0.42722602468644144
-0.30149546305840524
-0.28435696667584787
0.06396087534214573
-0.08251055738056357
-0.06137230817243888
-0.22502831856442967
-0.3447722237645549
-0.3730973954911738
-0.3073774500138125
-0.16958126137487084
0.028406683465569627
0.13293194304970257
0.05878735472542912
-0.17608133643009535
-0.3253045162154864
-0.34481978733625107
-0.500819290271185
-0.35750529925031016
-0.22198517692198877
0.0803129220661784
-0.01023288074403983
-0.21512952161634968
-0.14268062118562294
-0.22782715255251207
-0.2857035945202346
-0.2812042704912804
-0.2170270899251465
0.07497019269437721
-0.06600987014909593
-0.17132910214627273
-0.1805364869594442
-0.14705741962844432
-0.20278798631360875
-0.3265309779682294
-0.20944181052045263
0.1333817522417405
-0.07448153434449634
-0.21421483808649883
-0.16660359073523084
-0.24386461142586813
-0.23481050815780932
-0.22972691669882356
-0.26014554779619925
0.015476361385749982
-0.13376849744803795
-0.16101211231731907
-0.11128301127992243
-0.2557960687066727
-0.38705898862247257
-0.312480805789227
-0.38151357106281436
-0.023123183620557174
-0.1894656829706514
-0.21538093403257383
-0.18909176671964995
-0.2913231083472001
-0.17353340846684134
-0.28038299966185803
-0.4895159511031838
-0.18304042454407665
-0.11120289290840046
-0.029397004080871425
-0.08675767240864313
-0.1203585137254041
-0.13633683052541232
-0.22087943651555264
-0.5185027650441949
-0.11465417688679641
0.005570882929003318
0.030682232541926993
0.008278979985034907
-0.1723282187457481
-0.014593099516033547
-0.07518883892595896
-0.2162950009773048
-0.21115837949025493
0.04046892797649823
0.04058472192178958
0.06992700291140092
-0.05229176255264717
0.014110128800697341
0.0849461087757386
0.24821437482027892
-0.2004099671391808
0.0981825910420801
0.19218332708683558
0.14087656806162913
0.08605687657549627
0.05279816425317074
0.0717555132976837
0.5134848309027207
-0.08651164112005688
0.17774860005059334
0.3032994412587332
0.1412897911973896
-0.10810440420434819
-0.0026207432189627178
0.2514167007353563
0.6481446306655108
-0.07794951438187464
0.2222100771406629
0.2885789203593476
0.26665749507152015
0.06927992925086171
0.1633946247450976
0.46877985903218095
0.6036148137027658
0.03999680349725515
0.2659062581451301
0.2944045899183334
0.29976602399856106
0.11106576360406793
0.27021525311961037
0.35926740301562327
0.375830863350705
0.16530960986678367
0.2905809425525885
0.39285577833081275
0.13890394367256373
0.21022937580032403
0.2517250767480853
0.3228471653043213
0.2541173613858535
0.26253376608223944
0.2973171597635699
0.3138122516292686
0.2471581466535195
0.3628475535198968
0.24107726333078244
0.27413872009162654
-0.024410411557441856
0.26622815682136625
0.5029198282065491
0.4567854626308159
0.5376861811348138
0.45914371865686576
0.23312591318632123
0.05156883393215894
-0.23608947534775965
-0.1867713260600517
-0.1675465856185242
-0.16194028222644374
-0.03553388461228349
0.07493827246288448
0.0840780782032593
0.15027611887986603
-0.04390261894952377
-0.23701180388518717
-0.08644876485083464
-0.02604126400602691
0.022337106158579353
0.03730483542333102
0.12183703421399733
0.06084789012411773
-0.04115008096546097
-0.33848014496073164
-0.23938969262679727
0.02556798726528014
0.09579867308428708
0.09698093692373694
0.17449047754284536
0.050978403623209545
0.02750859931154134
-0.3512679238112839
-0.07679844066824248
0.09684634592800301
0.02781660665395677
0.1544997023848494
0.0021295663679796184
-0.06344165793559023
0.0028180198665520573
-0.310819566164093
-0.06556256381378545
0.13113613999676926
0.26780773385835877
0.13114448372998588
0.03832643492300697
-0.06625323479128438
0.058085976867028155
-0.20445605958919572
0.09925335725895378
0.21860960894353446
0.2801400398486885
0.030037486392890417
-0.10523546231905478
-0.21999225998964156
-0.11339839552061731
0.16515277253595914
0.0024646333312578483
0.00890361316123578
-0.3181769095427095
-0.41842689886131157
-0.3322035041246897
-0.30126175733555194
-0.5688873520175046
0.6605476805233872
-0.004018070255246142
-0.5306920485603568
-0.7697236377833162
-0.48391241161087306
-0.43892923578521204
-0.3032572735255981
-0.7905158842909265
1.030108823688094
-0.1328665369417084
-0.7960971222308031
-0.7072034761906919
-0.6885429526128706
-0.5592274244562163
-0.42169392343707757
-0.4251019800834058
1.2526382644515062
0.35343847326859146
-0.27906469283269814
-0.5115563546704185
-0.484197503723484
-0.37182331661482326
-0.07206722157532564
-0.1491556084918793
0.564437431984804
0.1607660627359185
0.11475846795247407
0.060952268943647664
0.07218035120104606
-0.0207920960788964
0.02989845772378963
0.04222999319184445
0.16029563714538345
0.03243075041907195
0.11671639591763872
0.1321125417563498
0.1266144909398368
0.047313953245496004
-0.03661994551459638
-0.08249340900923685
-0.11330245227192322
0.09690958260252636
0.1807037604749167
0.13757857132798756
0.11249802790909513
0.20964122039752378
-0.030821860443470975
-0.08803856009184381
-0.18359261457695392
0.0016765637604403971
0.11178740683359956
0.24462490132907722
0.14608564250594336
0.14065681471687985
0.017265927266064185
0.04419003439122632
-0.1982085763328131
0.05768082717620948
0.07076601834264223
0.20196596160266736
0.1673714961249515
0.13437399504841346
0.10202180767510421
-0.07506988957610289
-0.19553828150680772
-0.09795371650965556
0.055634236522923416
0.20936665721780767
0.27227844343462304
0.3636978098922233
0.3068210203002782
-0.008421921772447993
-0.1650532075818084
-0.21826353730524495
-0.4048027401469816
-0.3520811507597965
-0.22790782421354544
-0.10192834192278832
-0.2550306360398534
-0.1559168950282373
-0.1422190473170861
-0.20545150531852585
-0.15144390137743835
-0.15128154855123302
-0.19990517251260176
-0.05582956437687325
-0.25750717339106954
-0.13026006655285977
-0.09316875888038685
-0.16051387149303292
-0.059092628158133764
-0.004883209629250096
-0.07707848463423136
-0.18411307877693156
-0.22393149518178093
-0.22622154405846465
-0.3298429658793144
-0.2625035912724349
-0.2619185920287404
-0.12231326847074653
-0.06999675854424642
-0.07774021900404071
-0.1011342006617493
-0.23275446856349807
-0.4211718477214067
-0.3727450491319695
-0.3641558817819964
-0.23123587697237596
-0.1381659693175386
-0.029387873582531976
-0.08851553938120002
-0.1602780795120512
-0.5616465498931384
-0.2981329893194332
-0.2674067180282589
-0.19316114723330546
-0.10274857406677484
0.10094302651583961
0.1705418676255131
0.012844359579312958
-0.6154953783907672
-0.3605556551950747
-0.32556076038079407
-0.1083203912386781
0.05414847524709293
0.03710444579769395
0.24145013179696212
0.11647259551259445
-0.6238039928325705
-0.26652009066522764
-0.2823530502704257
-0.010117730825585036
0.07790128271715274
0.20394221259436393
0.03989683901128335
0.18191766316213936
-0.3644303806790245
-0.048443138726587065
0.04288199765194395
0.02385856032557937
0.12382013235084866
0.2940629897167225
-0.0440250743580593
0.19803277667378735
-0.025543049352644953
0.09740090154318982
0.036932461094300095
0.035714821627288326
0.22799091865134657
0.19306428910932436
0.2176683979860917
0.13915328331603039
0.22108254537477734
0.06384597786513058
-0.029441188608354096
0.028308056118753755
0.4000598480075787
0.32070229232406783
0.31107113229416194
0.049577539024701744
0.41545810469641337
0.2689388110804005
0.1636411848224415
0.1404490347108882
0.3366865875246044
0.46638217381218483
0.24699554910859983
0.05643913941221268
0.42892228074881844
0.3699752423940435
0.1610909729070123
0.1608224166648729
0.14728697938891658
0.29246008470755025
0.30661257418687526
0.28201222922559455
0.41838627878833273
0.33611150050459254
0.1952199017625222
0.08645342949489315
0.24710217700728304
0.42254517248879025
0.27343783062210064
0.28928427955367386
0.25777856020751455
0.392352773218117
0.2132958878448659
0.2009235155634059
0.18619300035544312
0.16923539755970188
0.3230429180373067
0.286574797893695
0.12907754536766441
0.3301551902487524
0.4956203401152982
0.47067822108206187
0.22188714517499966
-0.01368861182960425
0.13198213353818034
0.3029760027884827
-0.23374481556500443
-0.23587289476489048
-0.14441134053434596
0.01641096559018393
-0.06018231446273112
0.01342297514321561
0.1347765849986411
0.06304824132094444
-0.29004664880209274
-0.10533553034804627
-0.08410197076217851
0.15523959876805615
0.07244300415006216
-0.048364193207298956
-0.04224212444258779
0.01907733817621171
-0.26674938821012023
0.05762669332934395
-0.011140936664466625
0.08073897772323871
0.09720966539990666
0.03101684209886668
0.11521297697779898
0.09807170821552363
-0.22784480948648694
0.11714231347511692
0.16780314045578845
0.10202638257299296
0.11319976050185582
0.1546135405059167
-0.03496479771907479
0.17792047197508795
-0.21367205809970824
0.23473421958862928
0.13554406459774812
0.23817019179192267
0.22200563783767485
0.09126396757691424
0.08419029183377391
0.3117805691240041
0.21955773724307384
0.3023108147566233
0.285494779518222
0.14174456650950454
0.08117038272692284
0.06547263007673387
0.08758666466115872
0.22986610859490778
0.39710927919730615
0.46700617141956163
0.2760795884179544
0.22888341456295513
0.17950677950731495
0.11537537521545302
0.10211404547223735
0.1819839136003014
0.7287055131170279
0.4808871597252937
0.2910041669705821
0.059509994548430506
0.18211110746900902
0.1760656305978784
0.15419704308555027
-0.39177891567817763
0.8342890362379386
0.5210333074771333
0.2742738767323437
-0.012459152566801544
0.02079928529082036
-0.10508338116311508
-0.4483131372807089
-0.751415503826433
0.5972259146894764
0.2719304104038802
0.10640522620291731
-0.27286010545815753
-0.4216479500980763
-0.594688160350007
-0.5705780626859103
-0.3683497096927807
0.3169531307056137
0.15133425190766786
0.12383854523077245
-0.017602372052780757
-0.043245580505502035
-0.17213064005943968
-0.13625321239066218
-0.12838599365466655
-0.21671361546659074
-0.09740500322861761
0.05047957592818447
0.180532809186932
0.07708158993562172
-0.010212536260443106
-0.0705835036208981
-0.17656371575469842
-0.25006598009403913
0.0031626007828565172
-0.008772579832038996
0.0968364209983904
0.1146981953167816
0.10681148368463245
-0.07157197142467286
-0.06442930680280545
-0.39237516001380957
-0.003691225365267614
-0.04986921348615994
0.0904844367368523
0.26412185753987516
0.14264103830525926
0.10052072217866237
-0.01704201178075715
-0.26086796314831306
0.021510954012930183
0.10605904341010852
0.09020711502614243
-0.03369565467600487
0.23391207719804788
0.12071070514550998
0.02661457809323886
-0.22479270659690218
-0.232721905702819
-0.1072619495242786
0.1426230933572543
0.21093520395315604
0.22851136765575442
0.20232184471888187
0.3086760377076278
-0.09269111350263481
0.05364580351266324
0.14688635880419254
0.31230934286685474
0.6322550183395339
0.6935206106862368
0.5787265841768039
0.35183445721823725
0.018750898301063912
0.07293358066539807
0.21785180730248932
0.13857710606932622
0.29838212304070744
0.4641396612778186
0.595770636067434
0.6403731774960792
0.019619083669276727
-0.013785725681952243
0.09151700443241761
0.22974068388158164
0.2548793667835848
0.2937294097390822
0.5130966515797241
0.44773210247388695
-0.0021350025542532375
-0.04680906519061118
0.07050208216995174
0.2540605460698905
0.1677440752542166
0.18191339684917285
0.31890205178831277
0.377160272664227
-0.13327142261553038
-0.0836765012896839
0.09551950095180937
0.11733345650838016
-0.0027820774895204736
-0.25378323430903904
-0.08571620752692766
0.11520605876675119
-0.052614511150470035
0.06512577455772905
0.012675292979935776
-0.1210231353335749
-0.22995899987160612
-0.5569258060028404
-0.36350996267508817
-0.12149022684652147
-0.152928230035983
0.0002534846572121996
0.05835078173635183
-0.022928788344474482
-0.21685900380477363
-0.4281150829031066
-0.35927588375835073
-0.3024236414003771
-0.037178215126886016
0.21416624721527427
0.2534727393403459
0.2984435960298205
0.0996820528750188
0.017728887175351427
-0.2048294592481048
-0.21377864102732702
0.2631190261413661
0.42678093799657324
0.2884363680117568
0.19797023818598822
0.1244289492233755
0.0671857353851468
-0.016885034627483808
-0.19556829694895222
0.08477641961885368
0.2852836361886907
0.16632345077661437
0.283387336165435
0.22138652435708842
0.03666982846138657
-0.304647167193431
-0.39405623648371424
-0.08617735387086822
0.16594578527132636
0.27295638369991315
0.17191391284908042
0.20415693535921178
0.03733429683321715
-0.2087390264221482
-0.3434048381043875
-0.13797497792814215
-0.037263538613600655
0.08804440678685813
0.15167044597938206
0.02482015631150361
-0.15884356402464928
-0.23965063209658483
-0.28399926228446176
-0.41697069145111354
-0.24504444227516928
-0.21496584033811283
0.08125436823452645
0.1459491031048597
-0.14886056386078067
-0.3347287487484082
-0.2760271687375778
-0.2990686519818081
-0.33573416434653053
-0.2604127514735686
0.06857207195910547
0.026718715695719042
-0.18797872491894208
-0.2458711928860696
-0.24868055480720408
-0.2831844857739295
-0.22886330140373856
-0.2914562688106883
-0.09695248924490626
-0.10743345987528219
-0.06416202145268513
-0.12966109734455977
-0.20091298724621054
-0.3399635674202116
-0.34678687850852824
-0.26361213460864574
-0.28186024534433074
-0.20694941534780092
-0.24834008385204873
-0.15558810704010362
-0.1483409024544673
-0.18426138114715737
-0.0839079080482068
0.13795766641791601
0.2413921414227601
0.3392022979966235
0.15053722618636833
0.12537549442483492
0.08036588802516215
0.05896283620374654
0.24203915225582281
0.2773638114189002
0.17018041689620783
0.09571286828219136
0.05700128576637095
0.11217216353131934
0.2526064618011577
0.08515804530145044
0.25686478774308685
0.31389814039714337
0.2142151675579037
0.18981925379404324
0.18218799032865457
0.10914855886892519
0.10738092842856162
0.2975597080674707
0.21054415646541716
0.349672014857923
0.39475537616216105
0.19987464805644517
0.18622685389192672
0.1018367248853459
0.05543881392965047
0.1500769196927495
0.21703019566066384
0.2887554571031345
0.28378221941496606
0.39852822002624205
0.4171406937147514
0.08267787190760434
0.07153062957920767
-0.13017484428390108
0.09508496692719343
0.1769969004846177
0.12924200314572687
0.26138998612990083
0.40582651973034667
0.41017849572988385
0.12096355693696369
-0.1783526736607115
0.06907713603861937
-0.10259986018404699
-0.020050964268539972
0.06799715618474411
0.198025647505969
0.34719030836184195
0.20532907517875576
-0.5437843994495859
-0.29604085454801066
-0.19813572252383183
-0.09196336985108489
-0.10670605081200885
-0.01029174924835689
0.16932254329821195
0.14289028778640323
-0.5027118089221412
-0.49401975290488837
-0.04662233699932318
-0.31875894284724615
-0.08814107496099455
0.20520458262708297
0.2147253551448003
0.2179390517621437
-0.36587658957109215
-0.4306827271341195
-0.1816361425776684
-0.05211524058174549
0.02342530266445958
0.24091078368100013
0.22355178749518043
0.2771952273541144
-0.04792969727940315
-0.25726938019925294
-0.26609325027230324
-0.25605873908586413
-0.059284009298965656
-0.023113854038155385
0.17615202097777266
0.24700859831563668
0.03212727000132959
-0.04819278840322555
-0.25702421005837284
-0.10694034560315058
-0.16478406839397175
0.04183960578152063
0.11144371227306589
0.1791669084427862
0.04845398021494643
0.03926718500339743
-0.02510347529443957
0.07723553672587907
-0.023925743635178742
-0.0533056121120532
-0.09087200062184514
0.1591079169564943
0.07647999221215368
0.012239563144007704
-0.03254679177080955
0.03682118114343941
0.07811889594478955
-0.11450652244639764
0.08664349205966243
0.12246443813098902
0.03055282528804401
0.15011531049119828
0.0759182399328669
0.1274754290179833
0.05729095319558008
-0.12601318233753728
-0.0296809319459011
-0.05034525067776707
-0.024273649476618947
0.07891876369046838
0.17193674709241258
0.31770686101211737
0.16779716687618032
-0.07089825094608403
-0.01874627025869391
-0.07409829073498186
0.11973727748737528
0.1298350515555234
-0.016197345428039023
0.04204429792163916
-0.09932128859817904
-0.21625628001640718
-0.16893462645641333
0.021312185439629705
0.1326431372405279
0.04986218968820094
-0.0479410806996004
-0.05928788050488826
-0.19326489216144455
-0.09347300827686195
-0.22708116668410983
-0.11247183959055324
0.20865080861898413
0.06406450385448711
-0.18116982392331094
-0.07290859273404399
-0.2584471525376202
-0.16649624915384786
-0.16250023170790273
-0.07517590830494603
0.2428093372810936
-0.17044707656290914
-0.1695939335911661
-0.18194288551006357
-0.2367850683959078
-0.1866918938365928
-0.26408285903860934
-0.15194056450444138
0.17440052612296952
-0.08035237006412105
-0.21229708352211343
-0.32787453307426717
-0.3713287654412488
-0.41118416550687
-0.3483388388854376
-0.2813492583068114
-0.06301119057702934
-0.05268090994625704
-0.17242828911832536
-0.26617010282092385
-0.330682004463132
-0.3744443955989667
-0.3244973131710511
-0.3557052226471136
-0.0913855492932632
-0.08803690431515282
-0.08678063241476919
-0.1121007340768535
-0.3361074225754344
-0.3393471830399911
-0.20963525664689475
-0.3156351634813289
0.05975585634911286
0.008775316937988137
0.019830745366431264
0.01722703083137489
-0.021487521592441466
-0.056651078420156875
0.005001519792272258
-0.18142468116803268
-0.0514190680547299
0.03704688584690602
0.12911588584161277
0.12073758665400958
0.0069934879118928595
-0.014820794960221872
0.23317400307343694
0.01552200821651406
-0.10612968001025849
0.10357528623113248
0.347929970915749
0.12370803367887236
0.0731893679459757
0.03987257022991724
0.18486603486944145
0.14911349654555922
-0.10858610106996716
0.21988979230687078
0.390926745394879
0.17818092640020564
0.2057133754067113
0.19919605596755807
0.33533032295426785
0.23714469523282006
0.004972093810176728
0.4495032739087918
0.3986337419596796
0.26169771155981114
0.13868144426899853
0.11287305250132162
0.33256215584482585
0.35861812658900505
0.1404875033098826
0.397510362525199
0.3060426791873888
0.18487034511045436
-0.012312379432365517
0.04875018277581311
0.33933153654441844
0.40013123944254275
0.29322260328231453
0.37762070613994364
0.30133217638714305
0.04911872704539519
-0.2917971486618349
0.06539404009593436
0.3451359955018099
0.384643931884392
0.23986195813752115
0.2825389809595021
0.2522829346766302
-0.1273261449144426
-0.43602133633350026
0.1379487496710584
0.31224156631541544
0.34476796476179655
0.1381194247822664
0.262736606691729
0.010172311752324692
-0.5485596293720292
-0.6067842436093718
0.19967891883580074
0.43561711424867955
0.45614936510782833
0.3483205419273965
0.7993616694306216
0.9199846998863864
0.5772792581294712
0.5379700607458151
0.6019402996356544
0.37742386401992767
0.2029317540356264
0.08551418283983087
-0.06491298541597645
0.1981310899485367
0.16311634007286702
0.3260953828113762
0.10407643582368008
0.017597012089938024
-0.14414429075580015
-0.22554381238190696
-0.3636658614554967
-0.3441422103889197
-0.3314521058917531
-0.0003961443312574947
-0.18314852290214317
-0.2274954882863999
-0.20741776313715587
-0.39288242797315853
-0.554711825130301
-0.6640735754834404
-0.7032775753629755
-0.5573998850639019
-0.5425553078857392
-0.40225347190777805
-0.24494830162217712
-0.45037211204890826
-0.6143599299357507
-0.6129176028407343
-0.4314102101441331
-0.4309841514917119
-0.3587408797109091
-0.19130389955299448
-0.07994144044546125
-0.63520334402986
-0.7251236363185845
-0.3256606488816024
-0.03768767321064791
-0.10704878656768474
-0.27015744525703345
-0.2832934343178631
-0.274641867596517
-0.284744348237809
-0.24879289666104165
-0.13756817484309863
-0.06015963036783484
-0.03431852422533066
-0.11759549593903912
-0.4325179830411185
-0.33978988979911257
-0.16299484568129818
-0.12958435316599623
-0.12633396027640004
0.08270450913873895
0.2698309585083675
-0.13688235502759905
-0.38160172482893473
-0.30100386833135256
-0.2431737577220997
-0.29938498489208343
0.0010181011029648003
0.24260028412746842
0.1602914478567221
-0.11953631449005814
-0.24007704975809716
-0.08929311521002167
-0.2422787041043466
-0.2251549605164717
0.07832252393786437
0.1855131782445828
0.3307968420736716
0.13303606428102144
-0.14858955211454625
-0.14109526253305998
-0.09999012205547986
0.04928855535037549
0.20525309733687142
0.362884581821267
0.36074792227789915
0.05461915087498026
-0.2639459769905582
-0.21976599929790874
-0.0018168839129845404
0.1588320283249559
0.1928403406133113
0.44239733484485744
0.38661206072201004
0.24896226077397654
-0.13334662599012903
-0.1402401154488493
0.012332121012047392
0.15027635551081533
0.35705403265643976
0.521787879415301
0.45117555452505087
0.2975484500913633
0.2066360288595318
-0.060525459356527866
0.010386543900407497
0.20172166373246586
0.33397322745419084
0.4074902723287425
0.46510242366061816
0.30515214548453745
0.041181329769413355
0.07317206340937149
0.05270529128697582
0.04506069770793454
0.20247331750223307
0.3870339804043137
0.5013614437248279
0.3552953324053143
0.2085416998610411
0.21808987208332162
0.2143720145455516
0.019031257562923114
0.21788035932152308
0.13570792379092006
0.4671411333239665
0.29757667053133796
0.2084900259993036
0.24798802879836462
-0.011183630879909312
-0.0024119295569803856
0.04682532541043877
0.08855285804477919
-0.03377704465384901
-0.02731060229205623
-0.025488506539568426
0.03138061677066312
-0.06400799477192887
-0.13165222307636976
-0.16154425481475376
-0.19198163871982535
-0.16653354478833404
-0.10642399598734585
-0.07434123302605217
-0.058526438675748194
-0.15390877762692215
-0.21088000446056263
-0.17894854525126297
-0.19299915883356256
-0.16765798042660496
-0.20689889495891087
-0.12606010984857388
-0.0829609319637099
-0.1436789149958339
-0.16617034812564624
-0.16778308356614902
-0.1025329525249235
-0.11848145354992741
-0.0210432155435036
0.009000417914553416
-0.094023516382375
-0.17113160831928104
-0.15788922399456773
-0.15669441501314801
-0.02161702429773546
0.017158001100562703
0.06147451866560824
-0.052505150925540534
-0.15104072798458396
-0.19198687015665755
-0.19030123571928176
-0.1488452825048962
-0.04962915168309712
0.05672217093007531
0.02652250666392788
-0.04470939636370015
-0.05598834866548068
-0.24656588198206467
-0.23385085670521583
-0.19856045600658248
-0.01725201275233995
0.0646468301914494
0.09147952353361999
0.002774029167001535
-0.02219266340040088
-0.2622308724228553
-0.2279588970872658
-0.2420175596162783
-0.12110434500743028
0.048700883011329354
0.097935450531103
0.044966919919267045
-0.02962016337415459
-0.25010150417300125
-0.2513931914519729
-0.28373742236764665
-0.18358346355070215
0.030553643340674064
0.1372704368878636
0.12936773487359748
-0.008417088544885876
-0.2613825150004034
-0.22365095966556914
-0.2544213849132626
-0.17181530464742478
-0.05437505653280694
0.13849452014943914
0.1641554543616408
0.061028461279231824
-0.12085012412069276
-0.14528891966618016
-0.1961400553049873
-0.21429855961513222
-0.11423215959998693
0.11715326648169389
0.07891104327133681
0.09332158810018057
-0.023925337370443334
-0.10298094643173639
-0.1826244477744578
-0.18718039040226325
-0.11263623966117364
0.17731071003817145
0.17032998823569523
0.182389358664619
-0.012416425929982183
0.00837523591933187
-0.014926901426090877
-0.1515971870808926
-0.02634461838441987
0.159957515541708
0.1895827948143104
0.16973390712253322
0.047758413080160544
0.1119232185885098
0.09577014644920379
-0.036033698119073365
-0.055613668896715984
0.05812795685608302
0.18289812766440733
0.1795053524102303
0.014242989140875774
0.1273416651444091
0.27762381815704573
0.29201635208127996
0.29449999707168717
0.20394554528772596
0.32572329805396366
0.15218909549065252
-0.015142354190308627
0.06582646289654909
0.36742520763503234
0.5881336503070813
0.6173787462323763
0.3966752410366326
0.24509351543844954
-0.019987860461101473
0.10455162985687569
0.05609936456440048
0.050324210522682544
-0.06874637475842671
-0.22499432354372312
-0.38821600163586106
-0.3291409278349813
-0.3097844246176299
0.08050592783701907
0.012053920669299445
-0.07123960095844978
-0.10718679616953775
-0.2080785627851625
-0.3429099773072226
-0.23799429389704935
-0.21431562380727343
0.2773841357517325
-0.011010586141159795
-0.13364073364478551
-0.19674024652253105
-0.3348997732575635
-0.29601850472436264
-0.139963365273453
-0.27589298682439106
0.21794500235041114
-0.017771060789923077
-0.1702371555375053
-0.2562010175293672
-0.23722849710619268
-0.08129782211406539
-0.2234900452239341
-0.40315608938015635
0.25565994211121285
-0.04788087002202107
-0.3150679980687655
-0.23408817175375157
-0.08847741735675846
-0.14018887445003428
-0.30465632525899133
-0.4683340583411157
0.04799694704910422
-0.05489309208226234
-0.08275652834133639
-0.11323098414519747
-0.17315915550243718
-0.11737738983694124
-0.07259812237600774
-0.16786855470679315
0.01539026000610675
0.08045671161791723
0.14827033817674506
0.10296810098002397
0.02519609767109615
0.049885595650041636
-0.013766698105430575
-0.1903079782602949
-0.02400755664185171
0.19460485170675543
0.23850159106055396
-0.015279715273111933
-0.16790081194008524
-0.08671375937307424
-0.026044379360412012
-0.16990807391660245
-0.06786947510144892
0.33907301928770106
0.4213831008536719
0.020421438210160903
0.011769176216629457
-0.04205698124404677
-0.15610587079573
-0.4067636441405144
0.10142048785084835
0.4333966745557338
0.3472700862982087
0.1744832800741896
0.03818160954601223
-0.09960455396428491
-0.21351747514310293
-0.4696203143242711
0.17118190293210894
0.33453613907151813
0.3298147020913933
0.27543675876140544
0.17676187549614467
0.030710022114331548
-0.23985555501290523
-0.4102477812718933
0.05954823387915296
0.3861959503269371
0.3687451105663612
0.30178456055715375
0.24116349077959426
0.08784005126183483
-0.07541862376574396
-0.29743580644239737
0.34558813657825077
0.2357179028305651
0.20429953928330144
0.1812689418821884
0.1589264841409041
0.09264348031203551
0.07033716249174804
0.09621122401208906
0.3245014243850691
0.3173776854025819
0.1078345303963984
0.01283447733625065
0.2272510421780877
0.22132516427004567
0.09084897761040894
0.19957286629545862
0.46900858310731675
0.12901848264579585
0.0034724972573555446
0.005306098971815387
0.0364348483302962
0.13135931323823494
0.18818637981288594
0.24613833928769355
0.27869974278634957
0.34343186250294633
-0.05659760711325995
-0.23770822600859134
-0.30617087489173606
-0.044255705118953104
0.02351990683782532
0.13660963895747108
0.3022121985692039
0.22951989836453257
0.38578881499779555
0.04546877667784566
-0.0724486108324951
-0.02435619640165039
-0.20422156648328715
-0.07556348025331433
0.05360272428551255
0.056189672851604255
0.07422601262604872
0.18972548598195693
0.2113321609017637
0.05843378234437538
-0.037919166038076324
-0.08113442793023418
0.011212262835249537
-0.012330183475648918
0.18408153509404057
0.22611110234540793
0.2662421215393132
-0.05731545875335928
-0.10041371429168341
-0.14980084174863795
-0.05186996138027468
-0.08595909121538048
0.17231318768580497
0.3822090388971156
0.24170154221397677
-0.09731204755587591
-0.11209145118296143
-0.22783456776845412
-0.0773063032676682
-0.08980905473912132
0.03170885839125276
0.16764780094778176
0.14427034049773096
-0.08633797121262765
-0.10529819294034788
-0.42207493360069837
-0.0758511830791897
-0.11228252946421585
0.011247910143157486
0.30784138866190586
0.31567060253848744
-0.1458649388316502
-0.2826983083361485
-0.47202461397476425
-0.34714824858799287
-0.21361640352945
-0.039701203042072974
0.1644122814970191
0.32777134661233054
-0.2829927649190698
-0.43795374119987274
-0.429805458286723
-0.22765374059682186
-0.07213026694492264
-0.14732210405429041
0.20312568649276558
0.30220987176500974
-0.515253252205428
-0.4707628106012933
-0.34323951760822174
-0.10585073697223668
-0.19511510409760435
-0.18949112981777538
0.3209298521136381
0.15344470186871356
-0.5273450953641352
-0.48555963705859984
-0.34614925012208786
-0.016162871311367982
-0.3303329744506185
-0.1731997309215113
0.20532279353824412
0.12409633612703741
-0.371392971712073
-0.4299719118260429
-0.17601912708178855
-0.03276594658338398
-0.3867470751212489
-0.21045730600849988
0.2150704919912408
0.1153820168639077
-0.3415830349411403
-0.37966893258044554
-0.17498089917550513
0.21025843967389934
0.005069814012097634
0.09203359893621832
0.3049789556112825
0.1168813244147836
-0.13931922090865398
-0.30020443738104274
-0.10280978760147402
0.22245654364432177
0.14521847983613279
0.17048236314550452
0.35956883180744814
0.28964819839873246
0.034457279483860986
-0.18747161319395517
-0.30540885332386863
0.2296413882323452
-0.008085044511283501
0.009568176782825732
0.2267543291636742
0.2605715374450821
-0.013432622649453996
-0.20119307195995817
-0.21209887745854186
0.25962185307081237
0.0011844292626795316
0.30838608009877555
0.213734650180403
0.29746959598782463
0.24752848529300922
-0.031628859087435596
-0.05479066379893324
0.17225635083425977
0.25073960856027355
0.29266189463677605
0.10972396399110129
0.48160794893234127
0.4725190396212619
0.2660797548121796
0.047325600727356754
-0.0658688706478257
-0.09239524725827547
-0.1023792165876187
-0.13117935532456385
-0.17315621438023227
-0.15074456871001424
-0.1351945285677787
-0.09202087807641057
-0.091156669249079
-0.12087740183546569
-0.1205866597886378
-0.1338716978860538
-0.17455694769003993
-0.19520612574949783
-0.17982749288797967
-0.134447371328695
-0.1468652315864851
-0.03291797975383487
-0.08322744285248115
-0.17982072455389111
-0.17155816170710225
-0.21046965625691638
-0.147828661047875
-0.06042984078138435
-0.04526704314573793
-0.10102112582126895
-0.09282381734348137
-0.1717993045043854
-0.18660793046783242
-0.1475513121639841
0.06731208367568876
-0.00919668991642092
0.07470038377090144
0.12571609175345394
0.15024299295838528
-0.18250971818487094
-0.12453278227622683
0.010831328464145112
0.12915883200561706
0.012313212380250294
0.15269628622127257
0.20098341202753006
0.18750920082123856
-0.00940103920183405
0.07775663526143649
0.09606429213523238
0.3727701357552103
0.10071939648420107
0.42862538626281566
0.2415237451048765
0.34467841347111206
0.17600782200500745
0.23781150721894823
0.424699372552454
0.3762794297741733
0.2815729905449874
0.16218728851300546
0.24745843409581397
0.36219122840922724
0.3220907832542172
0.4107050283601238
0.3387898807263381
0.4625592322612085
0.5220135734127863
0.1499858369174793
0.2317330741540355
-0.08787159981504555
0.3725695447309617
0.4614142422627694
0.07001231348815264
0.18174254046981508
0.47531215718454617
0.28633407918997145
-0.17865405162205283
-0.5799335453404566
0.00932092127635692
0.15653386549961357
-0.4232545687529214
-0.3804058752376328
0.2675170446426051
0.22242447295538026
-0.4252841181838486
-0.6729476491477078
-0.2122687330873845
-0.21229979358428186
-0.5301595182139052
-0.34205513120055964
0.044554805094430674
0.2271064724825636
-0.4571952938912646
-0.5910966778902005
-0.3709996080790001
-0.35375779922172657
-0.40208612883982353
-0.3565125561179129
0.027298565968302102
-0.003077156023262334
-0.30973546742019775
-0.4360240742793544
-0.3785156089045564
-0.3163494765123865
-0.23889265697565287
-0.23872726576331676
-0.13413221366956568
-0.10182621553902388
-0.23435694773122262
-0.30417869576817114
-0.2729123312873937
-0.24212975674766413
-0.1691881640147408
-0.1671671422007055
-0.10612228619995467
-0.11874565654428787
-0.17278618825543665
-0.1857953038440531
-0.19604179914650827
-0.16285180333543675
-0.17380751873322317
-0.12086439482830744
-0.14794340941036122
-0.06228563409045201
-0.11058555488576305
-0.1396026979550007
-0.15570599454546558
-0.16762794533109718
-0.11441908444741994
-0.09983065134649771
-0.08209329010946721
0.005970457039323668
-0.05034679855482628
-0.08352552473815433
-0.07381694909310854
-0.13513310734083334
-0.123624264175067
-0.2790137264013133
-0.15146971091467737
-0.04495022237308818
0.02837370733179506
-0.07477963650091454
-0.08902306686215702
0.021245163172539105
-0.07777029734903729
-0.11524243163374567
-0.014726511529439969
0.11876523816599693
-0.04717184006065808
0.11346108956990392
-0.04329196510963157
0.08269477643661245
-0.004977664977519475
-0.20159625929624309
-0.06107708383797719
-0.014156642286483223
0.11230446618116069
0.09238134911820911
0.037910456831463116
0.008141190900249451
0.05748007873986635
-0.13457928308057449
0.18530466799412132
0.15196725866445843
0.04275921345670955
0.032714678155892074
0.10083639228023922
0.1379381455520678
0.07441823332551584
-0.016931303132032338
0.14798344361669136
0.37327959058068216
0.105263758754755
0.05948869798129336
0.012216147541900734
0.05828854580484602
0.22246125359153324
0.056508090292199775
0.20645301804695107
0.4228328594331186
0.1873897498047932
0.1676779893373617
-0.07874795934467582
-0.07458887972057981
0.0988915550029476
0.1493547698874056
0.3335844803425112
0.3332572104569618
0.5156850633445771
0.17225606213974137
-0.022306776181556687
-0.5664277068512362
-0.1170593745060935
0.4370796336085498
0.6106913660718165
0.2401239593247213
0.6117291710037125
0.3017329843649275
-0.10428688925293483
-0.6141889238447815
-0.11386548597274326
0.49795568564440684
0.3624144845541963
0.23373051871359346
0.3129271843696855
0.11592625565758606
-0.12738823742744532
-0.6957295649627284
0.07264605789788547
0.3426944732541488
0.45859885649450505
0.2715708497628371
0.13123460911817642
-0.08450637433649172
-0.48516825295709554
-0.7341197738830757
-0.04862689218303751
0.10107186625675665
0.5673601719759341
0.28926362208621514
-0.09306241366510543
-0.26335756180868053
-0.8351602365135433
-0.8143069424064548
-0.1588558230287238
0.010026174656226683
0.3919570087100712
0.1881636330078511
-0.18469950572305827
-0.286030164130133
-0.7445904823312798
-0.5694006070230246
-0.33397175108933985
0.02057276799930924
0.209365561552211
0.1349897755911525
-0.194789039658693
-0.4195605979893021
-0.8359047261843191
-0.511130776893878
-0.3119337152751118
-0.10601022536335658
0.21631594626917
-0.036111495242256875
-0.18335568874750413
-0.4287321198824414
-0.6888109590830436
-0.6029417620647788
-0.3410999130098623
-0.07331571073264358
0.01574617021806042
0.028509830235936173
-0.14368398750817066
-0.38991572722108747
-0.5653325124592267
-0.5219159193127639
-0.36447726572711237
-0.09302006840430471
2.805961676574653e-05
-0.036068493875675955
0.022880244368131172
-0.07498300658715162
0.10752947134548851
0.07551630354758443
-0.06581338923553531
-0.08129351166632809
-0.17429450073659103
-0.18586545662779227
0.02291592487556547
0.17619903905834827
0.15978123123166443
0.10229292652392216
-0.05013816840113117
-0.04851759465660853
-0.24691576064159837
-0.07387786417707098
0.033672757294613775
0.11760859021582837
0.23986768519800564
0.10989521378223938
0.10679930208718827
-0.08326266767895019
-0.25454554666668006
-0.0224213550334314
0.2124251810502507
0.12666407038366595
0.2699400043139094
0.1881361414506924
0.06372849961999039
0.05124845014516677
-0.2551076960127797
-0.07843320493034767
0.11796661750985882
0.260752908741638
0.2103344276823939
0.21428408873207977
0.16022100521929586
0.022771214124427064
-0.008902851634581821
-0.14875694743375592
0.006597294358968553
0.14474718504931897
0.26719661578223697
0.25568240286582034
0.29083270262344857
0.11054448492669336
0.31012139016377877
-0.05842836298137649
0.09637628044435217
0.03330291545030989
-0.08830352891764318
-0.22436787085915566
-0.0011292908512618993
0.2229918562239225
0.5765597459621166
0.3297754238635563
-0.05678229690659237
-0.282125076253131
-0.5321537947215047
-0.5751169519279987
-0.21895897589530666
0.10601126389372945
0.9033473997310904
0.4188232044852014
-0.15873480913336901
-0.3755640488437689
-0.7513548852103404
-0.6095378160223147
-0.5441426193689755
0.05376331694645603
1.0153729402794276
0.43357878830760777
-0.0649339866184869
-0.36637433685540305
-0.4664057019977931
-0.4025445595201224
-0.059084862645586184
0.10910099222909783
0.4073402922806344
0.2991298996288365
0.13264632630493187
-0.020695109341555655
0.0008114296602755727
-0.05268788105204836
0.0638972104842478
0.020376665763784357
0.05900798349737707
0.11334391839843286
-0.029581419953299326
0.04957482877822317
0.06390985976675473
-0.02085027398835332
0.13482453392260157
0.10076105589162704
-0.2502235148146034
0.09324115449144199
-0.02172554172356711
0.049351592848545345
0.14115193775205687
0.058682607460139646
0.0861983540203266
0.03921210876715749
-0.30506134740454327
-0.12259538393673725
0.098014724068204
0.05726119348343006
0.15598795477383562
0.1542167797254611
0.0896916639088581
0.0016936495982457216
-0.3473789915149901
0.03673136065180971
0.13313755429168864
0.13454041441376752
0.07843446490715988
0.11890058535162618
0.16135114556826802
-0.006436827252504107
-0.2116006526184951
-0.00855668701584325
0.23853981772746125
0.2181092779029787
0.20754318607538333
0.2237128835822345
0.024061120268359493
-0.0582671419195432
-0.18373245840433128
0.06227747029769198
0.27420544005319425
0.5245227676760009
0.6531445247780905
0.7345107778915354
0.6735346971716355
0.24592454393856392
-0.1223154666486566
0.16509818544493876
0.24951308637976355
0.36759874574345053
0.3007244415718037
0.2723034758631342
0.36026739034550204
0.3259773856980626
0.11818435172745623
0.3330065908061914
0.24958469888068313
0.31365520757834275
0.26575441051473314
0.14626970115375948
0.39267763581475074
0.378592247556884
0.21171048858801567
0.3080493696267146
0.3860244955531767
0.3521819032213834
0.26653809898632375
0.08930328183109149
0.14639755853468034
0.34996696736503846
0.435043800074597
0.1133308424696183
0.10690579338954656
0.29702073372818694
0.08244125050943124
-0.08891944580543158
0.22743444780866146
0.32000573862197124
0.45436900317206586
-0.018605158492968954
0.1703022465595599
0.2296328926259146
0.11669620300489453
0.04140554380295795
0.20867406826294999
0.288993753515295
0.49559095563968675
-0.12088758214287781
0.06830681974753655
0.23116739790059604
0.24063246140015698
0.03019097250733488
0.2014865935956187
0.16669462439372124
0.28831205572774155
-0.11676104071567757
0.16298094671811791
0.34178250109855274
0.09990506838306046
0.030642986438979225
0.06047295762559476
0.05064362646917001
-0.011864985652739829
-0.08903574153240823
0.11488540485502163
0.11950969846237885
0.04287129643557239
-0.05762763143590072
-0.15892873627310292
-0.23037007621466832
-0.2648800488489579
-0.20540355772518037
0.15396279902568397
-0.02638337345663383
-0.018883335740717433
-0.1521592592919745
-0.2527458049139196
-0.41057375913021626
-0.45275147105034785
-0.16380939596232189
-0.00877219964290929
-0.04515459982098802
-0.06636627915531328
-0.2272548593588547
-0.35677342438442616
-0.5039201378457111
-0.4819769894362329
-0.15652593609104776
-0.08503262568976573
-0.06970878106070655
-0.18382376653584706
-0.2133442965117106
-0.37998408311846743
-0.4439088624054339
-0.4451987554587993
-0.11275407682966698
-0.0652544379428458
-0.1570211383738077
-0.14047875209773653
-0.1278318935214195
-0.34771063283063475
-0.3452661124506605
-0.40806780354051886
-0.1386707143077085
-0.16035501468238345
-0.09440287869642988
-0.14863390723492476
-0.21493765409086868
-0.417756203041587
-0.32728730345823276
-0.31819029440160684
0.020719236311364297
-0.20521606590721553
-0.10603680071972021
-0.14243949578589543
-0.21311576080512007
-0.18640497972621733
-0.3428201329706049
-0.21971012288289904
-0.008545278945924606
-0.2290290206124882
-0.1644091989885618
-0.27893911209492755
-0.33121128305819747
-0.3559747556684037
-0.4636928254793449
-0.22061379227702937
-0.022635570252273973
-0.012132856861501562
0.28687693273475023
0.28066313969656365
0.2607690992507863
0.2165400668108362
0.14592264625726217
0.016685081257064582
0.08304749362343272
0.19671160593858325
0.3318736523863303
0.22741364873216352
0.24427004189057375
0.16894491150488558
0.25998824881938176
0.0249375242412202
0.21950484733949066
0.34215157629140575
0.24714221658617147
0.23974857407210146
0.21201586614404455
0.13953684287846552
0.20756216421277573
-0.043954812893467365
0.27094937463170454
0.32593883738112944
0.2584367358947385
0.2143237008289452
0.22029906056978898
0.1907360198155447
0.04174683513352495
-0.10076004945647123
0.15252328231548246
0.3011708804995278
0.17471491641164044
0.15245665465362448
0.2523358742947521
0.05963389692062224
-0.06234056473666365
-0.18752165411000718
0.12315952986108827
0.21586743930481794
0.055397998025810136
0.25961288455647835
0.17296666835114188
0.020192640089412267
-0.0710399092199695
-0.09116193133435485
-0.06665431175697234
0.001058424797828833
-0.01210059238909536
0.15840650042520518
0.14856496993667223
-0.054787431526846384
-0.09942937989154416
-0.02089565053908173
-0.2840426231093634
-0.11672160559846635
-0.05849312096720555
-0.011152741541370748
0.09401531915619134
-0.12433665784940899
-0.04917684236725672
0.09556545175829306
-0.3250480041824337
-0.16414003147514167
-0.18810236441811634
-0.05826785116329303
-0.12010904348530657
0.04757071294378701
0.09295098058915402
0.0745932050418665
-0.3019949343898358
-0.2422128646870001
-0.1534359899222728
0.026533385089406114
-0.04833693987192017
0.05858815069472839
0.1176352198029571
-0.0698012154631438
-0.2426394911583719
-0.2554656791140301
-0.1940899232180336
-0.07130456783724098
-0.012952714910610563
0.07802267095584775
0.0793226518365884
-0.1468411167174056
-0.20504107135009841
-0.1653503512723602
-0.07532434260866266
-0.08687022034216652
-0.005451947663378809
0.02667437482447109
0.027105485787558392
-0.06852890468036471
-0.13712776456448625
-0.1930658249552042
-0.0662483953931054
-0.018099355841538878
-0.021247627543091674
-0.051656382971711434
-0.2094261238714683
0.11954043134202372
-0.15657176326679922
-0.15386025745291892
-0.12295504564208659
-0.034118905617241735
-0.06034770955380703
0.02137832913671661
-0.041242664729904566
0.1250692043247487
-0.09899365035967991
-0.12062826295737139
-0.08881743807515069
-0.013071980102826342
0.06157945967624562
-0.16773700725328344
-0.0655451113766693
0.14094104473196004
-0.07231478355779003
-0.0800212922517867
-0.08354187630621891
-0.11023423602367693
-0.0898443799832972
-0.08887198352267187
-0.02261254618935432
0.01673579221171302
0.1259550060839385
0.01891831112836384
-0.009120140926724418
0.12816776812408565
0.2577289572932122
0.16404889084206992
0.27308358371200514
0.2910988086785686
0.06257742266561586
-0.021799692618289623
-0.1787435172742035
0.024736409210478705
0.16794376597918148
0.17474229280034248
0.06906172004303464
-0.0522695221992861
0.227154455180789
0.23107448715096165
-0.019663791997362345
0.01822686839207932
0.1689467001638058
0.17051250425321268
0.12259605706813026
-0.06554006558403386
0.041296272437894965
0.1691131962726028
0.2965761283044953
0.12665816866215202
0.27249616645538566
0.20923705764780348
0.01946139250983847
0.01659947280518126
0.3344189796056049
0.1266017460008376
0.11610685959577938
0.22758132785469304
0.3216341510110773
0.2640440279151922
0.15362143760915498
0.2394197460484398
0.42924380619871816
0.2878110622306851
0.2135196688400772
0.052647252205174126
0.03548370619827881
0.12188918156800917
0.09692740686412318
0.14927895207010833
0.6536923515265303
0.41071683786593216
0.15787955498672823
-0.09406838343515433
-0.19201514189675023
-0.30418117235197184
-0.4542320640594232
-0.011474107247165799
0.5383657197013176
0.6384170937081307
0.19846577260832235
-0.08661191925369172
-0.32263781079370607
-0.4435022547718924
-0.6823165288780627
-0.6355625975359693
0.3997732188076564
0.6464999053095719
0.3980943895744099
-0.05718512038191165
-0.1782809227746142
-0.5072943535947593
-0.6720837366866101
-0.7389227662491555
0.26240755332261856
0.47354735959243416
0.39598033912557934
0.0426700278402673
-0.12624980650720635
-0.41468178760409147
-0.5875802634674657
-0.7784268361310898
0.37236588049140285
0.17692504351473587
0.22185334068008208
0.04137424135861083
-0.06312422983534127
-0.3853753842254902
-0.6725416524112406
-0.936185693884062
0.19319068638301218
0.11794738227146104
-0.05099371665517349
-0.07995166631775652
-0.1474087715435033
-0.5268705182886378
-0.6105991362285191
-0.8384732280747065
0.01749618674712916
-0.17687250285637635
-0.15200212152418435
-0.1292927237046686
-0.12003459692071058
-0.46258308927865976
-0.5652085715740544
-0.5702101743256589
-0.07537586157178494
-0.17497968973379724
-0.1068320963616875
-0.132345400814044
-0.163645650990475
-0.33023867363955345
-0.5376133885174021
-0.526128361104148
-0.1777529179918752
-0.14248215062277592
-0.18358184830632868
-0.20329700226327935
-0.10094540543353941
-0.1879461346008655
-0.37153539730881435
-0.3762341074761447
-0.08590225224254427
-0.1568334340988737
-0.2959088509465735
-0.22686356268664815
-0.2897306155647288
-0.18260587400336464
-0.2883709910026908
-0.34080289080741627
-0.19493612829170226
-0.148005564878476
-0.10746280259458153
0.15641352356192495
0.19378081711951034
0.16570641323209
0.1745134699027865
0.1765948931150122
-0.08529020567011283
-0.017440988170275316
0.0014805567139138942
0.11073661469121615
0.0413800127833272
0.023261592730884906
0.11592179092232807
0.22902700040564639
-0.1369410778964376
-0.0012318288831831316
0.10907400560642805
0.15947931426127238
0.09086807192385256
0.09743585911307029
0.04713217317472149
0.165349092007708
0.09037064149796825
0.12779163045717182
0.1686114752257385
0.07067768536168476
0.150898852521137
0.047358313635908256
0.0971768418625002
0.19193565697572365
0.13635421260681968
0.24949404196944114
0.2830290189091928
0.18354670090441627
0.019930405695711723
-0.07235841511242252
-0.030580205247832837
0.0726560179182112
0.21591434561524686
0.38861879854402076
0.2254554040708471
-0.056960985402848774
-0.21250287578842253
-0.3108079694759257
-0.5427671368454491
-0.5242385085296544
0.2941911498460483
0.2175248175888887
0.22995868252960727
-0.06278469097635886
-0.15488561618207403
-0.24425329228471293
-0.4242379550208697
-0.7313475511859382
-0.03281673724458517
-0.042381609987073826
0.22503291468205883
0.15833680499166203
-0.07638633018037011
0.03522545546366207
-0.10577412526956358
-0.21427894841798645
-0.6740430449876793
-0.2820847305171147
-0.02810196751937575
-0.027252144489665717
0.16552664541462758
0.23430012019828547
0.349563937815592
0.47853106248088945
-0.9004306374887038
-0.6097774423517344
-0.4889457415654346
-0.28167345329496474
-0.06192287752946532
0.18656816920505687
0.4473557418005104
0.7074114030781475
-0.767818082300234
-0.5363570088190819
-0.4910127546800962
-0.42226851923566977
0.04035797372258833
0.4922612474960269
0.541044408512841
0.6842070030926161
-0.003751369153026818
-0.14618474468159082
-0.11740941367063684
-0.00815277716766008
0.2280589813569602
0.20909336206867646
0.3153506845526116
0.6357227627606539
0.12999988615133934
0.12119679947471287
0.051423544483055306
0.07553628165998921
0.09970937546299036
0.13073943364762253
0.2047819772060112
0.1586233697858398
0.13550616297347678
0.16312510442482264
0.13772706556285802
0.16797358268296605
-0.0923604046060078
0.0829474603401325
-0.01262233955661446
-0.02455224370531492
0.10578323048184314
0.10473608205793256
0.11438920851856482
0.0680621144092845
0.07186829461488876
-0.04715035363064263
-0.018334182266398713
-0.004444422642656098
0.3795695269743713
0.19330152077703738
0.21941914255573156
0.14154962629714726
-0.025395717185985045
-0.1928731126658424
-0.1721826913365434
-0.16977303950272243
0.054894368157980156
-0.13749787551358217
-0.2783798436893776
-0.3027140468610029
-0.27315437269258924
0.07146613997969126
-0.008647814072759552
0.23184795576159117
-0.013943541746189558
-0.14858356639517334
-0.016947776824494415
0.09211628557243856
0.15313746904392875
0.04581432049912576
0.07422988532162478
0.0025753913910449566
-0.12158737420648585
-0.21357696498173404
0.0835872301633615
0.22728145885163636
0.21128410694201244
0.1265503035491845
0.10236319349886652
-0.14340977807095534
-0.2344723602391089
-0.11665304001525818
0.042130486875399054
0.169763447511935
0.2683556684387409
0.15972966755253887
0.05127629781297871
-0.2930751788063761
-0.1411100207929752
0.01641944520461293
0.3099550828173024
0.3975978810146845
0.02754207016717998
0.24728850518868462
0.23229095860177312
-0.20657028963565027
-0.05943375115489276
-0.09283149400041918
0.15952127085050521
0.30292597999172055
0.39748102797207696
0.16526574655695078
0.2197227426904554
-0.07045403697590569
-0.08677805022799306
0.1292742144461521
0.1277408718324222
0.21928582182594225
0.18673044575149733
0.225488048843824
0.31452424434562937
0.18929259097205015
0.011240816074263388
-0.08779700470671309
0.11636976273013472
0.24320299167747592
0.16884325954215246
0.2748745297575923
0.1424281644843759
0.1890957374027396
-0.06602639539450295
0.16521282694711692
0.18492270649514694
0.18332761042727527
0.1675584250821774
0.2957981073411043
0.19129228668622
0.029927311099756326
-0.28246437340479436
0.004253224879624658
0.28223512265558304
0.0730254493494838
0.24101826448368022
0.11386346702266481
-0.07631537453566817
-0.3430670899403075
-0.5073869126637125
-0.26025244781596923
-0.16514334192198654
0.03187761319309554
0.030532129254701695
-0.04291316705527483
-0.2451949098733696
-0.6774156588992121
-0.5714135108927125
-0.3503148413732421
-0.14179739511927647
0.12555289198439343
0.06314216086677743
-0.06920954059942358
-0.22057380492900727
-0.29419769464986634
-0.4502963875602737
-0.32019744560953556
-0.10486562426960244
0.06860944363935603
0.12437587419668511
0.08432411752086189
-0.10918075285118473
-0.01378381593287803
-0.4218043889761197
-0.36551185209690235
-0.03603352369845314
0.20099329860608162
0.2293828260880318
0.12760802612834332
0.024867549087324192
0.14208180636860468
-0.24230307171269494
-0.2799599138661951
-0.20163742213835964
0.1736411238177067
0.27988188222108934
0.12368732374750918
0.16673434668103337
0.34344746104719576
-0.10117334303683362
-0.40658036681702037
-0.3713081565099683
0.06558607571791059
-0.06981693222173324
0.28018326462056403
0.3077711090259192
0.3373543820747168
-0.09872862304051166
-0.16062712323574618
-0.2927077558047568
-0.35975855197181694
-0.36014347973097005
-0.18891503422055633
-0.007126297379638991
-0.0370096948532625
-0.17547263951725922
-0.16375073240358995
-0.358668737818174
-0.37866215744552545
-0.38427042225556046
-0.21114126095156116
-0.03832036119664328
-0.0963434408653514
-0.09649278968359914
-0.12853256323338164
-0.3946440943964942
-0.46281824370765356
-0.43445326978943644
-0.22914770560900982
-0.10091092711238936
0.09458771929415824
-0.07372405980194374
-0.22503123338422049
-0.4397964134571508
-0.5716119662165836
-0.3436664265449694
-0.2541365725154872
-0.16479475744189354
0.23357126288805313
0.18001587764679589
-0.2561957762043653
-0.5196452739533283
-0.6806576302707781
-0.3004796186640867
-0.09220894894472842
-0.11706194619728594
0.2307625666695494
0.3609192854535393
-0.2595807346594725
-0.4965048926258509
-0.6083654041824021
-0.28083814449312433
-0.013801995360335717
0.002705504830277705
0.5042493255321986
0.479224314385992
-0.07453055435542857
-0.5878969184613052
-0.49866025708409784
0.09458598674651278
0.16418894372728166
0.23518245760273654
0.384354738889268
0.45227387053789825
0.006309805442945293
-0.5155792977583826
-0.42671878930997653
0.11528279594242415
0.2741716733133805
0.2249321237175737
0.23725993298233528
0.6564075834849856
0.07526068797574868
-0.5756858786416239
-0.27113178496197654
0.17991069649796076
0.4771288109878025
0.29835101312881357
0.25927709071282257
0.5113952313721065
0.059666963834764886
-0.11118214125734621
-0.21984339151356314
0.08278054642600632
0.4677347565980316
0.5870817722387969
0.2879802770774012
0.13333734010437404
0.10867272446130555
0.20451973287703945
0.04065663065868991
-0.056507183121521476
0.20764668854710966
0.47882481719100795
0.352138631015977
0.020965486309526243
-0.1109901592120103
0.12813293838910847
-0.02698406597668357
0.11482766966932562
0.17437132314186393
0.3459191156478072
0.20550326790163254
-0.073850614415017
0.07106107230457104
0.180558400949768
-0.07700107372510767
0.008275959090773166
0.21831625034298954
0.26666989340003805
0.12725236546672347
-0.08093218345985141
0.06939422250478919
0.013250252690328812
0.10019256355767348
-0.01794286605594983
0.06774988534796339
0.2188340952204179
-0.11902108132928363
-0.2265690936031851
-0.023481101327326892
-0.07475776423656683
-0.025624238451529224
0.020476360353241352
-0.0065402152835507266
-0.006075964555189772
-0.21359864608242324
-0.10322585957004687
-0.09831433802385059
-0.0098299290752209
0.13429007672003976
0.14881053234564012
0.04779165868773033
-0.1800038472025282
-0.16006821784830516
-0.06064874135223147
-0.1128606806817451
-0.2345872421726658
-0.2544350047227931
-0.2729065021134146
-0.17862883864283224
0.013888899104602448
0.2082237985648707
0.10388101327088745
-0.14382979563267972
-0.25332624520785274
-0.2343010495079726
-0.2939602542062679
-0.15605359992251244
-0.05035959444509157
0.35794319093229604
0.025856653410400388
-0.06831544324892702
-0.2221364065263723
-0.328648574931819
-0.3258773076981226
-0.24072911724559853
0.14058408302958814
0.5466828969939883
-0.005658082046920143
-0.12864700956578556
-0.2531660141502674
-0.3640080149864514
-0.3087849264006789
-0.15343242671040727
0.25551286377159066
0.5009108207023241
0.26495607507581065
-0.024826495700694645
-0.26088369520642973
-0.45805397918617313
-0.3566577473824008
-0.19347933535144668
0.21265543347327648
0.5167278966154042
0.5110550253293402
-0.07089713412890664
-0.28537269011934635
-0.35232550543707775
-0.32530832887276595
-0.04738097765501302
0.2530182463929097
0.40858871643775674
0.48695668445240614
0.12739652100736576
-0.20483070436990675
-0.353526271386704
-0.3652728878767124
-0.036346440156438675
0.2900569542458943
0.1710013542896594
0.22645239015513913
0.057317371134212536
-0.01450243582089461
-0.3526375013340241
-0.3159740553062101
0.08306738039938621
0.16370456208563997
0.1043535413163688
0.030220213658679995
-0.07408140545569797
0.061567456496443934
-0.12929670991365258
-0.1948460866165166
-0.056255252401542416
0.0413261783871329
0.02314867797778919
-0.1164489544323977
0.04874577671285035
0.00641850104520697
0.1260356748252156
0.04351406397713195
-0.03470242356717407
0.0763000766601927
-0.1158087500740898
-0.25733883776896627
-0.04713972702588265
0.13508161229837826
0.31836747186645387
0.1045336286804992
0.08437427595903121
0.07933062225420595
-0.1789149321133392
-0.32830994174464523
0.020900157018027887
0.1863564347739149
0.289781420810063
0.2644415148599475
0.1618312038184319
-0.04573444336629774
-0.2078094767776587
-0.28670301537570775
-0.09363078590338147
0.10584088638474787
0.12070290800888372
0.1181677482033916
0.13124778270295423
0.05157140154522835
-0.22441704206030266
-0.08648349196716275
-0.08541065040772353
0.05438536253492614
0.11007403719857442
0.14157790822440214
0.1361030312329028
0.09618598402372466
-0.1919496369968259
-0.15041491144785424
-0.07939347056703194
-0.016127929304018213
0.07767667414979151
0.13981563942431785
0.0534680062409405
0.030574121680299864
-0.07228508037116155
-0.17755637184758322
-0.13112858761662283
-0.15256502936897487
-0.049852053170462485
0.10341010454124211
0.003244030810820503
-0.05119407910184126
-0.13078952530623017
-0.04260828675464989
-0.06425166891335778
-0.0924568856558694
-0.11788422096092521
-0.12494166598283687
-0.11928429635836363
-0.09441523395265139
-0.07790937044441415
-0.05445541380172758
-0.08306964465518127
-0.09968300513088879
-0.1110658864715216
-0.10915216564802309
-0.10994374253684938
-0.11296032688766522
-0.11662645820450329
-0.12882314901413522
-0.12675204951158414
-0.13320393017556015
-0.15120400583678717
-0.15708177364460751
-0.1234204877485805
-0.15276210761568665
-0.14890146512522182
-0.1170032752672805
-0.20728845080943295
-0.17129906909049053
-0.20057962750508776
-0.2076525771967752
-0.22916623335962355
-0.15044083561408583
-0.040368495575016455
-0.09896579190722149
-0.3600373618777287
-0.28468689417916626
-0.2908950420516986
-0.40822164356927804
-0.34192837246347163
-0.22548629107607998
0.2054915827519848
0.01087609356234348
-0.4260716200112129
-0.4358341262578386
-0.3683626215973719
-0.34507972739448567
-0.42800363367721217
-0.18943805119332713
0.5425870415244576
0.21970536367779797
-0.49481324887343503
-0.32795001644166066
-0.08785158718109382
-0.19158817370419012
-0.39758529616539395
-0.04416025618541042
0.8671470659082192
0.31028305317201865
-0.2908026799465485
-0.06230458409712819
0.2713849725007399
0.09407642623403017
-0.2785737304241901
-0.06709653121812531
0.6737796016773342
0.1982917321780613
-0.04771044947680986
0.2464335755041515
0.39713456044111534
0.2531068737444577
0.0693662374440524
0.026607021870378278
0.33331138913205494
0.18164854966205213
0.07748153824481896
0.34571415377160675
0.4402797166117217
0.24172055092259867
0.2431464886350836
0.06371374741888414
0.08037185500242516
-0.01610041078817437
0.17560255692151328
0.18633689573239992
0.16680369226033118
0.0237474078212271
0.2041913744291417
0.13008577828215373
-0.07096192551271416
-0.046305851050609484
0.12736650739092986
-0.06215986914018923
-0.12036446771286749
-0.1577976453494633
0.0673542271496716
0.11950665419098871
-0.05880065728158978
-0.1708082383589113
-0.006317095627570074
-0.09336267902568533
-0.13393687283324263
-0.10034762930712876
-0.10390711710974976
-0.12310530914771212
-0.2074196236086144
-0.152501755988943
-0.08058024994932778
-0.16156524995079274
-0.18918417346368488
-0.18184850409135883
-0.16900887301394563
-0.15627827703937464
-0.17566024378472225
-0.06404937672690075
-0.10370090270371843
-0.14272559049429254
-0.14724793734798738
-0.1431561836742075
-0.12888571266307897
-0.11302180338501411
-0.08461315295925431
-0.06105967013220573
-0.08584815357828149
-0.10926973632123621
-0.1211792129918629
-0.1241629904658742
-0.10775120256981802
-0.07837210097028989
-0.04570435151347724
-0.039881769093829345
-0.08936720742064791
-0.14456654233403365
-0.1648423775168537
-0.16047448093397265
-0.14491372680470405
-0.06691451078946004
-0.036283164263972864
0.06621141778382689
-0.12730973889256725
-0.1530487940586982
-0.1097058901273068
-0.09303200457181432
-0.0535216082285397
-0.04339400131032542
-0.08204262121635242
0.13003195961137085
-0.04861733710122258
-0.1106510935411705
-0.12968800932437605
-0.10804854814552095
0.03730697647352643
0.0283733537334242
0.05508241909829564
0.22026272758462145
0.16467635639483583
-0.037611506698673136
-0.09690853320252439
-0.1505496928108513
0.11460764766019635
0.20487593349126193
0.0159179765753652
0.2040482150684092
0.19510959440462358
0.006250718644396747
-0.08236917369720087
-0.005365931849737007
0.1928560699448324
0.33273553639868536
-0.05191277950811368
0.0700132700251942
0.24843812474563434
0.08902172379632795
-0.03333193339233609
0.1157408270117935
0.08430259180027744
0.04759202440801885
-0.2824878734046432
-0.2582257098119267
0.18365498892796983
0.28894301126802086
0.3069401605503663
0.16158953329697434
0.0828205020935
-0.1706416617982227
-0.3708424219492422
-0.683934172342626
-0.158433594546669
0.41718042623843454
0.3535008286866631
0.18923236330585053
0.06332933485981682
-0.24882118965263755
-0.24213207675364945
-0.6975280664278463
-0.17395547302655662
0.21893565016019695
0.391547024888982
0.2565414302588035
0.14496167667220689
-0.09516240262819625
-0.268300738261379
-0.38799736105674043
0.00164331833475595
0.10664902406090213
0.1858253597147696
0.2567400664832942
0.24928499702030762
0.0878461222594995
-0.1380632039341108
0.10895587681940194
0.09353048941016412
-0.08030234449790763
-0.16321666878739122
-0.09301056650910292
0.04050773380871836
0.1329242755044288
0.1543381194368226
0.21426906290016143
0.010185009787667343
-0.18838058652779976
-0.3226324927889298
-0.17884112840434296
-0.026455720688801865
0.037560925093366726
0.03754508069002396
0.2587863414605154
-0.03034301900363423
-0.21703263447038507
-0.20808541563176602
-0.30248837828518704
-0.12871578828580404
-0.014241364830761716
0.02648734656730689
0.1118339472383428
-0.06688753679626058
-0.19074889554951976
-0.15345989265439242
-0.24391030684081752
-0.15109424850207376
-0.021298166916096734
0.06780163694934419
-0.08821244996503708
-0.10279145447819577
-0.16425737749697067
-0.12120093778782637
-0.17834262555388006
-0.17774805067275623
-0.11913509822504287
0.05968124455398954
-0.059649038834457824
-0.08919911841644018
-0.1563040215392818
-0.13386261529910287
-0.20016284931796036
-0.21223383741373925
-0.1302183930883485
-0.08375176355391312
0.3891226164208096
0.20985223256314667
-0.01914019305736611
-0.31945220923296347
-0.36288980875066945
-0.13614234881364407
0.19148084532078385
0.1397556173881836
0.4509192662487693
0.44466419249835265
0.2973013776280153
-0.051710311889273886
-0.0049899736505392145
0.12073064250872023
0.15306526878988141
0.28592431465765233
0.34804497489726954
0.33700205202086386
0.3431069917251223
0.10893731611300948
-0.0018697001267442004
0.2100523956627411
0.19179557836414302
0.3015653307374206
0.3823797465427065
0.21705637550916884
0.23032097582122368
0.46549601684637815
0.27872864156022237
0.3536530251586905
0.22897558853062872
0.31013563308304676
0.18599510929216806
0.13481984980553763
0.22872805580270694
0.26349117448350406
0.344998029200589
0.49001506766674285
0.37490685158456344
0.09637133807044987
0.026285969998023184
0.07858772211145534
0.2840374878122173
0.1986846308586736
0.3171734119145612
0.4825600919321341
0.38819703299643765
0.128256619084874
-0.3444819060912876
-0.18351923112569757
0.011195071362060438
0.07004547598330456
0.2964934908076262
0.4387314556212451
0.44643636511949863
0.30794278993455637
-0.6290892107891014
-0.37137417175748566
-0.20654991116927812
0.12074423618247437
0.22931725201313152
0.12275414923549266
0.21306401758510674
0.13127120493366506
-0.6868063543565615
-0.5139652111454175
-0.2537465678380805
-0.1550640096820607
-0.04585612826885094
0.19872827294679685
0.01556584959959706
0.04743321054720695
-0.5326939802623856
-0.48934292111505606
-0.14605670946541305
-0.08443862080870598
-0.06479190952475372
-0.06431141800774628
0.11365530461108075
0.10562437954797615
-0.23344424754149792
-0.08784434960173663
-0.0283818895981216
-0.2378561745197938
-0.14788530883654177
-0.2082411104612219
0.009491713851316474
-0.05103564367613017
-0.15879523754216207
-0.11116718552507043
-0.1298746662252342
-0.20915846970888047
-0.06321022632445333
-0.1589532381109542
-0.08593633497693828
-0.08752677503554263
0.10601078913334361
0.001010833088251173
-0.11988747451152736
-0.13946919251049708
-0.13903266884240228
-0.20991457471530478
-0.09263720987937862
-0.0902730255948789
0.1279181953366177
-0.036743634486747986
0.008328443252175952
-0.030172318821026334
-0.11038108750884856
-0.11110275403773268
-0.10045959913961647
-0.11230245952707585
0.15472856164757723
0.015420637542486754
-0.05437262456214226
-0.040456989177260566
0.0026073462429917066
-0.1491009848606285
-0.12617136188813105
-0.12321592554606497
0.16105557683392435
0.14613959802224746
0.18378778738571816
0.1070033559995372
0.053019590612224554
-0.08896526383438183
-0.0072605582928894075
-0.008722066516749394
-0.028695929573830492
-0.05458438080857991
-0.15740020627464
-0.16109611365005203
-0.20580316005038846
-0.3090043694311988
-0.35525206316072283
-0.23077993986918505
0.10272466601717245
0.0331383982278249
-0.07168393096919631
-0.09603428977261086
-0.04251931018534447
-0.005041092670084346
-0.1549175890379625
-0.18507271988812884
-0.002783389396980196
0.15872531543840923
0.1125406312913021
0.06264283714893387
0.11718125825971815
0.05259111923973475
-0.0564526755887641
-0.15483949181964607
0.1229137932518162
0.20304676409752026
0.10892609621696803
-0.025238542980218104
0.08061517974458421
-0.013181507372604373
0.012799175569536081
-0.11699693831046466
0.21981526807928387
0.25047041333696957
0.23296290006372028
0.14851526944033588
0.07374472257447862
0.05551817335138601
0.014041476124866559
-0.09674666371392426
0.04598039194890108
0.0462918165127435
-0.09376180949198942
0.13176299442639802
0.05966959827982515
0.24960670805939067
0.13313570353265242
-0.09501066740443284
-0.31086736425917505
-0.23482457743690088
-0.19582645598406667
0.22843179875167696
0.4325705816470884
0.46713015118932855
0.15426542723895517
-0.028467000940834375
-0.3257205934971442
-0.18235316393310314
0.11748142147269253
0.26159934744563695
0.3124037030389478
0.3769824065185138
0.05817204904147677
-0.1300694023263052
-0.5006625765269963
-0.15400046949419938
0.25078380032627406
0.17669806469526306
0.1099250812323978
-0.005138322879131102
-0.15356879709977272
-0.27273182829650644
-0.6257242137459597
-0.0067663797464803666
0.18416143037701999
0.0653994366344719
-0.010331737061748059
-0.13706593449457116
-0.013504118377773211
-0.034886392678634304
-0.1926621154359
0.2297247910040281
0.1645539813171997
0.2837759723781175
0.038226266139597086
0.003614396204947079
0.020781161888111813
0.10511215298155324
-0.12197979863119957
0.06343525377306067
0.15779253607125127
0.09882545145872268
0.10258253544489981
-0.02174961599931208
0.17964400345566556
0.20921172582496167
0.035150001331070935
-0.023313260115204515
-0.08508299658130088
-0.1013405304461989
0.018398177713982472
0.16355121763432373
0.2252149215684517
0.22686490933901066
-0.07554079096790935
-0.04592532903394709
0.00012302683721276964
0.05508046715374351
0.050407804271212046
0.16185745692032738
0.10706582527500613
-0.0015058129900329953
-0.06606788169713923
-0.03138519937010359
-0.04196517408808953
-0.14713368472158117
-0.19287700382100245
-0.13509285964584017
-0.21333132365536017
-0.0389740619444887
-0.1453975592984098
-0.16167889986316014
-0.16427976934640287
-0.11272995465556399
-0.11425093942325704
-0.1543336673681902
-0.1903220120086156
0.030741368141962377
-1.1460939345039995
-0.5460545137004973
0.8587217686680226
-0.5876300244706952
-0.9222603574549664
-0.5130261119970196
-0.6829872984312626
0.4702285972033812
0.6314683755419913
-0.12936185181412146
0.3522311221347174
0.23908014186843857
0.4300514969111841
-0.6782206158808859
-0.5234209178887852
0.2232971797479671
-0.23404707343552822
1.0967635575186612
-0.5346296409540207
0.3872962039273692
-0.3339359543860805
-0.3613694101132501
0.5060375869912525
-0.26989057974265
-0.45141900488945663
0.24792723868626915
1.5853119557097575
0.6576630910571127
-0.29134984368741385
-0.21247185899043408
-0.6457539567685323
-0.14839733626174828
-0.26188718473351513
-0.2068722565778629
-0.22211035098718723
-0.03271205792094138
-0.1786506077887835
-0.19932255517428457
0.660361762991129
-0.5357501393738637
0.30687054663061747
-0.208965896754487
-0.05991647384972637
0.636766400093151
-0.23438721097265308
-0.2064256146425124
-0.43157211478493684
-0.09733470427623081
-0.10070907935583329
-0.0777325390552141
-0.12954608982488502
-0.15885671997875817
1.1228213694227216
-0.2545710832280148
0.43498673907212876
-0.2525347025208031
0.8690808630175144
-0.23871527614940918
-0.34433706684741144
-0.18511934836007538
1.6670262189198173
-0.06196210163311988
-0.2021485460677609
0.6935046610461681
-0.26428004086125173
0.8509689207308426
-0.5265861610448184
-0.3412340488861578
-0.09783411425890615
-0.40062471618446893
-0.20777818344615162
-0.29578413657713815
-0.4097634733165135
-0.1276578230041613
-0.11702085525243924
-0.0886770774452012
-0.1555775151221664
-0.20847520134414332
0.3409165996154546
-0.2038184358100196
-0.30805338448074954
0.6316987857794987
1.2181073547850403
-0.20112705737930417
-0.2631081896701659
-0.14973110575533455
0.6741926384173978
-0.03925863877711255
-0.15724206288589876
-0.3119584906131254
-0.2903126571352288
0.9222222222246287
-0.515477009523831
-0.22367416669093507
-0.06806209139710423
-0.29693540133360147
-0.20198459470933267
-0.272346145849488
-0.3299671922852216
-0.09746275871480636
-0.08694054185816702
-0.09937126991985323
-0.1884836047005339
-0.22998464741899782
-1.209192234310866
-0.6866755191815568
-0.10468985445262946
-0.14671101366901884
-1.05059852453661
0.1696368545901707
-0.3703228572239666
0.017475801744780722
-0.311275720978025
0.7155665575691867
0.6838228217001756
1.2131791084421912
0.08401908450673562
-0.1035992596468
-1.168467396060292
-0.11430215672162305
-0.3132251156335223
-0.26695958370833905
-0.1840003139567275
0.918432106446563
-0.617615711489298
1.2204514318786113
-0.39443873008273145
-0.3633701638666951
-0.6098413750469298
0.015293306365765695
0.3639547756874791
-0.20589966733630982
-0.21112362825265552
-0.20171582079097305
-0.5776363144024501
0.9364716986367558
-0.3338352090462019
-0.1650043626414182
1.1595982896517172
-0.033647503773484966
-0.14986855317042055
-0.2766387712683067
0.39642862844436993
-0.4346951915496541
-0.41564464887582686
-0.24918696190259576
-0.07853115616107903
-0.24388199864225668
0.5713421111286827
0.6905027629842968
0.6284510758525468
-0.11395715453913541
-0.09494062672980208
-0.09735091832139321
-0.1993318219693781
-0.1748832528605907
-0.5353331563086614
-0.21815987397116526
-0.23974726918220862
0.3982332705422352
-0.6297910753036643
-0.1854767142643302
0.5996175629197149
-0.23813603232410063
0.2976313965665383
-0.05249265639836603
-0.15167306062840344
-0.4125753661066191
-0.23906656357924844
2.202988710113362
0.2654010618923528
-0.22234859266680054
-0.1050620347507498
-0.23064543153805062
-0.3695370216460373
-0.2818267871910659
0.5016585724185387
-0.12324107433687248
-0.1193065490069562
-0.09015673143363552
-0.2458515876782041
-0.2465323839644408
-0.5268659479151339
-0.20949292761420973
0.7188260774810383
-0.15702806920992718
-0.5733350657692965
-0.1733009433152442
0.5675940620117772
-0.12310178401798727
-0.1938616651166861
-0.0273610627406973
-0.13975968343429684
-0.1946819462256803
-0.22450890150669123
-0.43650103704939514
-0.46667661242751884
1.4069654226704145
-0.07107558796038435
-0.37417538227304015
0.9453744464501852
0.6058543624286518
-0.2991049596567378
-0.08164410547466772
-0.07105167563870432
-0.07453973764853677
-0.1845497711528699
-0.1653642988139818
-0.8456429889876923
0.07756073936540447
0.159710028859173
0.669845080368164
-0.9919912898306565
1.0318885621315315
0.05645903247842293
0.4411371918177595
0.16399347040776727
-0.10533234510831581
1.1163468842460755
1.648080906165546
-0.026261045458645826
0.6957938073636416
-0.10747571457004623
-0.4682064530303284
-0.2093354859046767
1.3566698891319788
-0.49085628860400765
1.9345930927776886
0.3386909484356565
0.6964279413443741
-0.23323730531371767
0.9404032143219865
-0.4556239545320028
0.9289002186060291
-0.12508721941246898
-0.06021501028627496
-0.062444638243026984
-0.059670652081876385
0.6474388946761138
-0.03818402590502029
-0.06979701325383422
-0.03461451740403043
-0.0725142007369966
-0.00650919306275094
-0.032342933570334575
-0.06259951387655543
-0.04499327805739106
-0.1721056189473369
0.8399230631114554
-0.04502832259724668
-0.013627476303193331
-0.05949901943298597
-0.049740017081039256
-0.05809913509533786
-0.09143815550153561
-0.018238199111970554
-0.017341448458922104
-0.019060372968191575
-0.030630015136734468
-0.04548418012545771
0.40929800158460156
-0.20450349001255985
0.9807338984831853
-0.20545400042662498
0.11218993518000245
-0.15174245123790536
-0.28968344554241326
-0.1438920378029877
-0.2504135954214862
-0.029439950007551334
-0.17808197900660333
-0.21017824885153036
-0.22115978250610946
-0.47074840399454077
0.3359128997843861
-0.24496395094047918
-0.06837802079614536
0.7469902945342322
-0.23687961713382605
-0.2231967386742359
-0.32974315092820894
-0.11424568435346394
-0.08556406567391478
-0.08561008752389285
-0.1534940666130325
-0.18599596113887418
1.3840077732444023
1.337143043831965
0.47883226343088614
-0.40244845908440685
-0.3916149237055298
-0.34539638802728734
0.08102604760826199
-0.3448783584064409
0.8688897458019104
-0.09114445083873973
-0.3364349734259552
0.9073722072903599
-0.3379280958345441
-0.7265054466434608
0.09746764209206749
0.4249000892373882
-0.16227910153384764
-0.4599437637718111
0.43192305513959356
-0.48102886661213684
1.0406221382261225
-0.18401204496436613
0.5812228572647216
-0.1891169272076191
0.6447602616103485
0.555989405604689
-0.6053585654934783
-0.16417543741517338
-0.3089429067834234
-0.17227928393175435
0.22810527949463233
-0.15380380499007065
-0.32875498779830226
-0.17761191859524617
-0.24139776552340608
-0.02831283267941495
-0.19107031555371334
-0.2076430195537954
0.3875583258018208
-0.5760289201632136
0.8995456251817628
-0.2540937668442912
-0.0729922485880011
0.8500066288477003
-0.19537621129129795
-0.24576538687825222
0.3504010317798616
-0.1670306491087742
-0.1885146798096824
-0.10163227328499003
0.5193449491051181
-0.183262870470762
0.6892915426025371
-0.42066200208363436
-0.5987533336152487
-0.4799493523108078
0.3951297837713912
-0.36501395641477585
-0.577660391030192
-0.3968507969091995
2.3655198566144437
-0.12656866294598612
0.2597212876916772
0.12384154527189989
-0.5362226841442671
-0.2290580136003537
0.8244244385308696
-0.5809562869283889
-0.19264555247710047
0.06456681879813236
-0.42605211918964014
-0.47183623691374965
0.7027334137890033
-0.2704741257095501
-0.30250290331161933
-0.21951303048748072
-0.3564558631223828
-0.38086718821498783
-0.8708514510481253
0.19429835591664754
0.7625166227473923
0.316209315509576
-0.6820429013193028
0.6218188314188839
0.017780815317258364
0.2830379971946663
0.6261474142744128
-0.10356949609885463
-0.3946192007322772
0.6066497423786759
-0.4987401153450992
-0.10507091073228864
-0.4646223391874995
0.1791703219093212
-0.24035841330265967
0.9592165422422154
-0.4800019782345339
-0.5105282175148631
-0.7478864312199184
-0.29391060099807775
0.6301831290359974
-0.19245300863534215
-0.43146883344749387
-0.3332333747901047
0.12785177451848503
-0.1817948918797195
-0.20702135997364557
-0.24177594316909212
-0.6594025466972046
-0.2506985989430587
-0.302134964370609
-0.15444678565184006
-0.33256416366049724
-0.031887355588204824
-0.16054089727526477
-0.2646920826643348
1.6789337116772138
-0.6467683835937288
0.2363520576098438
0.45969000787098246
-0.09146454084912073
-0.3269276687369733
-0.3109995579261694
-0.24696554549356778
-0.37159617528777533
-0.11317723293646859
-0.1104598751657716
1.0112478632336426
-0.2640762142768558
-0.2130179424227311
-0.272712671136217
-0.11418560923893262
-0.1278596930679347
-0.12125722240766851
0.28740795904732364
-0.09317196860149644
-0.1811740123682008
-0.08724843426291501
-0.16743901803542927
-0.015967405972532687
-0.07169795890350006
-0.15297810594084943
-0.10911930005779857
0.7266086441678348
-0.22638289528738764
-0.10077122016048229
-0.04133840833594077
-0.13513790020968963
0.964504517027821
-0.14487545429924314
-0.20513139300494992
-0.05118170838249908
-0.04836607533939946
-0.04406078229292554
-0.10112522003575156
-0.11376529909115063
0.7862939264593379
0.6735831325908186
-0.3983125373869762
-0.34673238623786634
0.8883137240707584
-0.29923255291272616
0.35978773989683976
-0.2256142480164381
-0.42500600719598813
-0.058295069416986145
-0.24478328975766017
-0.3506896070014832
-0.4719885719911612
-0.6665253485341225
1.0470856725886626
1.0254695357434822
-0.12086930692651882
0.4270106397173771
-0.361096453298753
0.4828298265002613
0.5495297115437716
-0.16615205710121633
-0.1340299260511313
-0.15033401025574986
-0.2726341032508454
-0.2535770140809263
-0.47525120515429986
-0.21309916840903076
-0.242725940617991
-0.22006487626335708
0.84386748980141
-0.15666416401007383
-0.27554329609092676
-0.17707260123216584
1.4616375329916518
-0.04609459963133564
-0.15434802068852588
-0.2914938761506062
-0.2314465108680014
1.0974246293430092
-0.4588626236580331
-0.16395946398077993
-0.0808404623436649
-0.23393889286769082
0.6953651898007156
-0.21250548889480353
1.2239936438906844
-0.12584318308897807
-0.12806259156413533
-0.08336100853203204
-0.14570497895231344
-0.16831202898538544
1.5079372456751714
-0.3433013786206539
1.1313447019333531
-0.2843116678421714
0.3569186845329969
-0.22545306919628905
-0.41349772400080015
0.7042753708065506
0.660772945701193
-0.051662123384234704
-0.22535904628083678
-0.35790840764528253
-0.3010941153034517
1.2406591779949543
-0.5218921009949556
-0.3020427840295069
-0.09786920155720852
0.387395585859397
1.04058322082469
0.2189522987455838
-0.4608127247759687
-0.14164385894113268
-0.1395418714994907
-0.12647090163762903
-0.22954581141807856
-0.2978356893685502
-0.7695727791977576
0.3868478687780841
-0.5082195576889071
0.13324950994328844
-0.9879390901438331
0.5669438965196558
-0.8014194720682017
-0.27919144780339006
-0.509280236389699
0.8330558703954785
-0.2464373638892744
-0.409204352634557
-0.378989121536367
-0.020074498530803397
0.5005366137189511
-0.3972597415812401
2.2950084519995713
-0.4272202406828085
-0.49247300751912726
-0.42368900634214923
-0.704748759922575
0.5406308984482406
-0.2086207942181187
-0.13735090637271563
-0.2991933622010975
-0.24825750572215521
-0.34638827810317596
-0.12763054752193237
-0.16487868871430472
-0.1667498517042303
0.48133283998179377
-0.09035929729495898
-0.21980025036982737
-0.09256921358655701
0.6170979555553929
-0.029168359254324316
-0.09727893331895474
-0.1492242928257691
-0.13090069141419844
0.40174624968718875
0.48921596352740787
-0.11721659877964391
-0.058884162366932224
-0.15598480222385436
-0.15989592440455797
-0.15364659250613255
0.35676014267494943
1.2807509496806928
-0.06408374900636674
-0.06323781884902924
-0.0978616406246493
-0.10496201335275585
-0.28775001020545676
-0.10226268861914622
-0.11386849557644213
-0.08843714412129364
-0.3685101248228348
-0.0702181061537755
-0.17060061060652343
-0.06304489610519698
-0.13122270164612793
-0.013772528580526022
-0.06739730564350954
-0.10930210218204711
-0.139882361805473
0.6038993380626902
1.045494254930074
-0.08733144046850126
-0.03235860291063469
-0.1366775765305691
-0.0908194449322583
-0.10013869992421964
-0.219335466405999
-0.05290947731292034
-0.059840350092926264
-0.03739929080985546
-0.07180004688189973
-0.06857426348048284
0.9024145621013376
-0.06777755263542684
-0.12742245226535348
-0.09237064817611557
1.2410292091677064
-0.06273627931678294
-0.11588054634444023
-0.06439220776804058
-0.13638678851947525
-0.010204520125930427
-0.07203962413091122
-0.10565343519993947
-0.09159203454063139
-0.21012960645390175
-0.1697485427316101
-0.08450215442737125
-0.024398753884429303
-0.11453100066207021
-0.0913858483999547
-0.09816328905843022
-0.14584034226669823
-0.03994552311586319
-0.03513057556138571
-0.04113319650161115
-0.07590823046883918
-0.10654501355215787
-0.41752973968479085
-0.15003951969549761
-0.17067374185996234
-0.2526844643232816
-0.5193869072071211
-0.1439930242983617
-0.26467475188326783
1.0092450555133796
-0.34875903086740817
-0.027267881484112605
-0.12422894828721098
2.7781151853943435
-0.17657770188727118
-0.6210515678399349
-0.3465010333448092
-0.1495205969303911
-0.06583027290207454
-0.16266707000320046
-0.22255461559512138
0.8098667857184316
-0.29274323783820444
-0.07965367054748013
-0.06623382735938316
-0.08322890412396988
-0.22266263894345242
-0.21477118786348176
-0.4746761072284298
-0.18127318959898284
-0.21539225551430086
-0.1946216070034196
-0.5484909017408024
-0.1282356545181532
-0.2472669269322233
-0.1557065782331728
2.1244555718720872
-0.0317883432786463
-0.14478873707709217
-0.272861410541131
-0.1991632827958736
-0.4346009328938768
-0.3627886865881258
-0.16094335301162022
-0.06150621503795067
-0.21227157817202863
-0.21056991213362808
-0.20510597765997352
1.230133802073699
-0.10303934952221722
-0.10051143687305783
-0.0878704583095295
-0.1615653994638963
2.177678168507757
