-0.0615464273823193
-0.08093799647840771
-0.07006237916542912
-0.07961220278508324
-0.08871753355823359
-0.10106670232722695
-0.06010010810158639
-0.042660617188304856
-0.07775865806068111
-0.043494835305804364
-0.018061548356995694
-0.02164223305022902
-0.03031688765044277
-0.010231917402240331
-0.010783003459850463
-0.03744077068382545
-0.13798402575635987
-0.04291441975884852
-0.027481839836483835
0.020599864674511664
0.047617581104993006
0.031493669058611395
0.006161747526964051
-0.013762446076925366
-0.19606274084069344
-0.02561291495152431
0.04671886087175034
0.09879593141804388
0.10599673839552701
0.06118231071378609
0.022297631181836725
-0.05517474009250156
-0.3154678476524442
0.08284127488225373
0.10369349205957853
0.1500833678223622
0.13546760149073245
-0.0022034148602584347
0.006450617794633073
-0.04936721721279036
-0.2484973842439714
0.14627881882787475
0.14011660313531157
0.1552298969711269
0.09894527462702066
-0.0026678008556051958
0.02201797339351358
-0.08043454647325422
-0.05209324734676285
0.10112457995139829
0.06874451204747944
0.042102976142374265
0.05311566027680409
0.0619173145398319
0.06410149349825758
-0.08982225711461533
0.1895584226052962
-0.08197350851122764
-0.12749276388448663
-0.07889597723475555
0.1406617897837767
0.2182142827117341
0.19635864253072038
-0.060753732054211695
0.3723663810407412
-0.15851009601229119
-0.08874608239539251
0.07696098774322721
0.2810616710831071
0.39538939128307
0.3000735958980056
-0.04846657802351945
0.4215122446775889
-0.003930479440569262
0.07877161631977614
0.13662213787037952
0.28806071721623283
0.4407910833448412
0.287888323846272
0.05561938343411099
0.24380142174123243
-0.009623844222816536
-0.04604795972939668
-0.019028793147483236
0.08905061107772894
0.14935102294615693
0.1821436007250245
0.23393226009286905
0.11477390477131283
-0.019241208379498664
-0.07145701436406449
-0.08201601620373339
-0.08303867610528445
-0.059564551698959106
0.09498379300151572
0.2297713598135157
0.002739236035856074
-0.11787643902922029
-0.058754139766823504
-0.1234467316761042
-0.1532638535847678
-0.14486669979059938
0.0371490225751569
0.18851145607272543
0.05010871297777725
-0.028597433939757833
-0.06663395842341673
-0.15688584483438445
-0.1736317257048601
-0.1716866000052752
-0.0405550622858646
0.11871165627456537
-0.0031668689137001813
-0.06449470989636441
-0.09251038614846102
-0.12256501614433152
-0.1681880355566649
-0.14953911774252204
-0.11208373993167225
0.028834977224236835
-0.041563202046212055
-0.07797753332820917
-0.12874261098425388
-0.15963202645275212
-0.16979285580452053
-0.14101222951857995
-0.08988606111368536
-0.0155871596538798
0.11515782565573558
0.05962423608380524
-0.031088418672656187
-0.10853539556051793
-0.1340842194462406
-0.17671803550746729
-0.12132811495197549
-0.07176174045938374
0.11903503549920064
0.0461461839638741
-0.04986256944351618
-0.06559893739691691
-0.10355872866053573
-0.13181563048756362
-0.11235325973634258
-0.09089240461445477
0.11496975222970784
0.02722976390185669
-0.050060033580422214
-0.07595707745914287
-0.09921189305325166
-0.12999118028413414
-0.1308783144135071
-0.1135453449572475
0.1045969387473252
0.006149784094631405
-0.06145496776769843
-0.07923820021454644
-0.12545730569392938
-0.1429251077444086
-0.13159307261924325
-0.13702842933296489
0.03573887502977441
-0.027208916182407714
-0.06154723386456454
-0.08575271212938432
-0.1515970514954512
-0.1783483743144632
-0.15899088202714146
-0.17407038723799828
-0.01551391625219851
-0.049454988476971246
-0.0658513954238278
-0.09447699348572583
-0.15883058756720722
-0.1465307035976412
-0.15045379477769705
-0.18837867687230658
-0.07625036559631593
-0.0334655900996913
-0.02443717563706549
-0.06808470068500103
-0.1109338115501467
-0.10044652259161968
-0.11621235684746634
-0.17257974667184853
-0.07765453836600855
0.03753155661538904
0.023711726274135606
-0.04351099824900301
-0.10223027575368077
-0.023835652057358214
-0.023899055655568102
-0.09237931375572539
-0.11250178143558665
0.07363785673557793
0.07827777070235739
-0.012304754129720374
-0.029460140746825514
0.011837190774865725
0.05773395803527273
0.06804806715189426
-0.1121831270649167
0.08885577034178194
0.1417063937297517
0.06976945774678472
0.036297908605259166
0.0334232230878351
0.060088649477648026
0.18126942640837035
-0.07828500972250724
0.1005213744423149
0.17746098068646732
0.07297658913077057
-0.030822284700429248
-0.011442128466936874
0.08317431524568869
0.2639296018397172
-0.04794033952704024
0.12042570704822797
0.17365694542951937
0.06901365578348351
-0.024983962742275018
-0.021829517651622055
0.16143040190282398
0.30308647730509053
-0.010530723397327635
0.14024186429184865
0.16106583437461347
0.06766515064089226
-0.016733086667459318
0.04144550801096714
0.1877996925151389
0.23347951619841284
0.045159005350012243
0.14305043644447624
0.16448112418250313
0.03524732308177339
0.01900030638359554
0.09997962578064157
0.21108261605818016
0.15547120018572566
0.0981881188591128
0.1449547796535903
0.16269464297572192
0.10123150108932871
0.144962326295708
0.18523825511846648
0.18465893657499022
0.019908722298852877
0.11454823213250415
0.22945514750255752
0.2504393946845475
0.2747839178314445
0.24955926926444122
0.14752408371053508
0.03954016188390383
-0.07263211659561802
-0.05864458135589806
-0.059596456297041245
-0.06269048637295388
-0.049245107711062275
-0.017939353194354024
0.003832798706682239
0.02296940601124431
-0.00046654377293589566
-0.07979933527849259
-0.03789299916140643
-0.029290465462743887
-0.00044837901359655666
0.014070248290845494
0.036557481345460496
0.04176188153562316
0.013424746030605894
-0.12137963388692363
-0.05431657805585771
0.010811669470671983
0.03095383028224319
0.06591937064807232
0.06635161443506488
0.03713792507213823
0.02217288822279726
-0.13548464342587757
0.004619728381257862
0.06468724834060663
0.04343982724537257
0.05924768517113915
-0.00034473529191969554
-0.022820684817425607
-0.012724415094203578
-0.13017918701566245
0.07838993147287973
0.14965531616707914
0.1719202649235115
0.08213712945162777
-0.000575997037896625
-0.04949394242640617
-0.06544624129284149
-0.0064671182998720655
0.2127994204039486
0.20208545706339048
0.11542700196791524
-0.02424013552170999
-0.1101949921610853
-0.15563441587349192
-0.17858531201954775
0.19536366462396723
0.14495975590310134
-0.015826760169342535
-0.17820833433259844
-0.22356549842348417
-0.2065999074328081
-0.19689931688253837
-0.2923881055030733
0.38993185347018583
-0.014845570310284106
-0.232186818303743
-0.30278473203594203
-0.2714526979924291
-0.22726036227459467
-0.19585050960318368
-0.31927320628741906
0.49083377866698863
-0.15843773178720866
-0.2928175702332793
-0.29749161053216344
-0.2814651733661508
-0.2342986872726347
-0.20819738164669382
-0.2507646730481074
0.5385082343202721
-0.032572477805336675
-0.19400135961322504
-0.23721606718887395
-0.22559707573590865
-0.1907040471844661
-0.1222879579014902
-0.12021892080331087
0.3809786725786588
0.08747072031897077
-0.012333643641096514
-0.04441587397027166
-0.02759248319902452
-0.013412216574581914
0.008704229485004489
-0.0005098487836584439
0.20297347198496063
0.12910213468743684
0.06585471799726608
0.06627862514338512
0.07974092716821779
0.07343380960669388
0.03646091885917142
0.0024379077155595175
0.03742178062027765
0.10942475725777634
0.09878088055241918
0.056438099693541494
0.06539107563185909
0.08284327241703054
0.023648875631976957
-0.018338948245637865
-0.04091238444600176
0.028183228979519692
0.0888349160684836
0.09135085074347149
0.06320146911360167
0.0566459717598819
0.018646952457782195
0.010275256358316609
-0.06572503392284235
0.0045149592799344496
0.034730988587719724
0.06687760085354144
0.03848479278268746
0.03421564292500327
0.022627846208549962
-0.011405196154975317
-0.06151066044289463
-0.03854627052043802
-0.008335145468661292
0.03592196038877704
0.04589893096712022
0.06283703340437558
0.060090262098771524
0.010838000280068927
-0.055599651080508544
-0.0910222430812041
-0.14920915398227586
-0.12087665072504683
-0.06591505696764594
0.011324575953166716
-0.034930924242571756
-0.0004889643733459043
-0.07071885575766224
-0.09381175226365193
-0.10640763642558806
-0.06997495583799253
-0.03731142260274947
0.03973790638024695
-0.02527570358935549
0.0022248284297530924
-0.0904887967251611
-0.10853230863885763
-0.1056516616871673
-0.04516866883057513
-0.02731989399924223
0.006349782413054839
-0.011181607002276578
-0.013611246890562478
-0.15460939086479408
-0.1453214644099721
-0.15856401683759197
-0.0952271211435638
-0.029100354417511007
0.04364935368256234
0.032830594411828506
-0.023875950636846055
-0.21511483056688208
-0.1915011423726437
-0.19999661000175395
-0.13513101817960227
-0.05439775645229289
0.03988761508541122
0.04247606946547819
-0.022308453679509455
-0.26418187831060314
-0.19918026985190695
-0.18746849180979192
-0.1304243940104749
-0.03423424176703521
0.07215055133224288
0.09596396698805373
0.0035328368059818205
-0.3024881306551629
-0.2206859643649932
-0.17794298827209748
-0.0898070989226395
-0.004900243050673492
0.07335767986339123
0.10205933471263395
0.022708895815833963
-0.31454607663715217
-0.1660031808758642
-0.11145020168609066
-0.04265795543614742
0.02054791736871603
0.14140457795455044
0.08563007386130064
0.03738610379060081
-0.24799890648292972
-0.038773527754771775
0.006370710010821068
-0.0038038930161323203
0.06819655429323782
0.18798456701299765
0.07303493870735467
0.024381674122674113
-0.07622717080537056
0.07500577583683057
0.027090289263386247
0.015037986487190888
0.10982546247904562
0.17878781798367094
0.1263960262884952
0.011947932908779269
0.07467223479803192
0.05108188238484623
-0.003602107620572337
0.014980326360526042
0.1703690129118616
0.22778273631720702
0.15848190635088466
-0.02000844359636278
0.2184267768157478
0.12171028292757245
0.04934445825812049
0.02649100126143694
0.1300517058277385
0.24191112242466078
0.14399329979875558
-0.000873207745568344
0.2662512963434736
0.14180758045002656
0.03047481784810635
0.017956578076074037
0.07348829979297085
0.18553600676894877
0.16262760270965995
0.08373373180047577
0.26321734484919385
0.16372058655277785
0.03455827534198649
0.02463742914529171
0.0908094711620453
0.17642305913641293
0.1655705588760114
0.11885964319855694
0.18277664268568658
0.21971582389901606
0.08789247305915693
0.07235648785060708
0.07070586966621939
0.08829703598893496
0.14997729494212747
0.12157030306369868
0.06868536601209618
0.19464161616926812
0.2174237983861213
0.18455843503065777
0.09696301298996779
0.03883279105315343
0.06266165393586759
0.09349891673613325
-0.08266688848971954
-0.10581042446238936
-0.10608949363386982
-0.07528276761752345
-0.06831442791592293
-0.047233370143694664
-0.010419548991256689
-0.009318454244401364
-0.1289346982539919
-0.07861720165580233
-0.03590334884834018
0.029104397353013955
0.011799498058881308
-0.03602379966152752
-0.0458949112581456
-0.001294965516335067
-0.16598582813154938
-0.0005471861729060001
0.03086957326482534
0.05275609896819994
0.03509965351118377
0.024958493869400133
0.015121886242982052
0.043939992247358894
-0.16746056566377937
0.07203588237981809
0.08486169631826798
0.05866878318043761
0.06657563104246228
0.05857883651785423
0.0012696900250878107
0.10565342232368691
-0.14448623271558791
0.16049987671222393
0.1329748557170881
0.14005566414331566
0.10756980273543389
0.048261959812197386
0.04069920364716506
0.16414420646671812
0.08768384895726292
0.23091175642866474
0.17269433409026097
0.09471847988391247
0.05438157265545257
0.029717718737528542
0.046121894709637234
0.14033977268209682
0.24680726502518963
0.26369884577742386
0.15947534350802178
0.13388393893562955
0.16920098952583812
0.13884744582071087
0.13348487689263727
0.02044267490857904
0.429165889003075
0.29893291186677506
0.24834393960623868
0.1530501424165676
0.1784548941308937
0.15213060595365582
0.02529241552653494
-0.30519103771485223
0.5003568732133349
0.26984687297823495
0.17851132557362592
0.020928331810390013
-0.017478504574749962
-0.10615016852491674
-0.31056175766429484
-0.46225849276577824
0.38598442688988055
0.11043463434618203
-0.04099117971281513
-0.22421850450729963
-0.2827078376946359
-0.33438769008113556
-0.3569686904931757
-0.3147912555797182
0.21496986420002384
0.13562403453487704
0.07939469018811662
-0.026596295934083525
-0.06814808421441304
-0.09010227178846708
-0.09176035160830903
-0.0935188525707279
-0.04996528565778108
0.01538318122955444
0.07237461199337247
0.0900936005118072
0.08530157240255473
0.06178970730086164
0.007645131290142382
-0.059499040230851924
-0.12399367395576234
0.03593648963570445
0.028425732951432914
0.06356127188036842
0.06895498192750887
0.08083921221026419
0.015231256925239078
-0.02359219251509298
-0.1895271953276978
0.002138009842123312
0.002583751280075805
0.05447285961879855
0.1023011682326061
0.08869099146082449
0.05263056568054951
-0.001386857978351752
-0.15280287876308662
-0.04885275871056283
0.021216421580804945
0.026254893543057822
0.003924239494670315
0.05999228266473988
0.03770656854905621
0.016759398894924393
-0.1019230575547942
-0.11581423561314877
-0.07793920296444337
0.006261900797171982
0.02779906113303376
0.05820496075815024
0.05700477265774878
0.05428786495452831
-0.02473042321858321
-0.011912344992758478
0.011671196639499032
0.09813575361951726
0.22466418484423123
0.27493527239410437
0.25543254236957624
0.12806139268808014
-0.011279732174971746
0.0104808470988359
0.055578891949139675
0.08934097828556525
0.12059062349260677
0.161588119984445
0.24404964664367745
0.23863943578079588
-0.0194706688571869
-0.0038992527076884276
0.042023075379372
0.11363135066270735
0.10533774997810438
0.09286051406550119
0.15867976374635473
0.20358474791157166
-0.033212017769066585
-0.0182842400367198
0.05475235758079516
0.1102153973932698
0.05188741140247355
0.01210917753442986
0.04052630449401354
0.12113071312450835
-0.07667201783586908
-0.03853228244424706
0.053845453215716
0.050641151462782
-0.03468239047479027
-0.11741008578828405
-0.0776590906920831
0.011055176438358072
-0.09412325150271177
-0.02092319210644819
0.03759595294737639
0.009796501150147296
-0.09020957618329034
-0.17479460468541808
-0.12369863904757664
-0.07004042056227056
-0.13339179039028615
-0.040911004211307445
0.04728586465210216
0.01936720771652417
-0.10595470568821905
-0.1596012350710833
-0.1235101104170982
-0.10772117167905068
-0.09686656968157123
0.030352897243860394
0.11301864190771266
0.08431148067578523
-0.032897555921326954
-0.03922847070011781
-0.06496182876934326
-0.07428911365739899
0.016843033279380373
0.1448139574398517
0.15189777780986916
0.1167760556270464
0.040636731170093254
0.0313303545660345
-0.006417423997853056
-0.06825066890935155
-0.004689368182247355
0.10434459640674931
0.12483329196515158
0.15371893556051877
0.0867886809841088
0.009545267380215968
-0.09378202328022783
-0.12765837103771024
-0.04487193506055681
0.036169308665176925
0.1040720407697805
0.09640470139369088
0.06557729609437879
-0.034404622809784235
-0.0987864448163234
-0.13348160304835158
-0.08678343222470435
-0.03747100070025722
0.03409431412350535
0.06889602912101317
0.01432018763735457
-0.09375597731789198
-0.12107609762471322
-0.12640134268261172
-0.12727566073702246
-0.08558372765538716
-0.033839292163779636
0.07230666300169858
0.05424027690533334
-0.06953521327345247
-0.12493557888973761
-0.1056922658474646
-0.09457939597910117
-0.08599164729028941
-0.04937515793548353
0.07307084140404807
0.03433545205428554
-0.0553926628729319
-0.09382426791915636
-0.08264938922765819
-0.06756880340338092
-0.06038918941639013
-0.05112036353287357
0.030269098076449064
0.012382216380672051
-0.027145825506860233
-0.06532944055103951
-0.05527641676731504
-0.059522553432033415
-0.06457470448307388
-0.0459408823113128
-0.028558345172138705
-0.021630213113523256
-0.06423592986520699
-0.05058881790389155
-0.03344346889215999
-0.05608577546847157
-0.018674774906534256
0.09414079840175493
0.17971515802210264
0.199575553169821
0.11995551695550577
0.08195740426132603
0.012925962062740076
0.009276313202872442
0.10827109036022564
0.1637515634464175
0.11587622567516229
0.08991391707061848
0.07092870896536832
0.08944891269605504
0.06948246473131248
0.051398857301115625
0.1528569540878661
0.1744832425916072
0.12248026511164467
0.13531353117769673
0.13864885366213625
0.09242574178153412
0.05909415734830514
0.10322440815688777
0.13211255004099626
0.15543207758802435
0.17848899160780593
0.17847568228556715
0.18585077424067026
0.09530648805401598
0.04438925978567243
0.03849775032473379
0.07227798094402083
0.13289569934922865
0.1610094029410502
0.22310292062125242
0.24976690657456602
0.11842189098272055
0.047842512146541616
-0.07551549431341284
-0.0006080007258956188
0.030445583968419176
0.07156238211018578
0.1585834030963809
0.23404666761153903
0.2212412416330165
0.0701662318169381
-0.16344379724432956
-0.05222443856745396
-0.0572372517470813
-0.020682966703254674
0.03065148669404616
0.13842302488784347
0.20565718946439554
0.10660510664252332
-0.2891904620174816
-0.18698017701044467
-0.1264088327141546
-0.10224867210866667
-0.09877593017436151
0.02837235650466112
0.15180040546249285
0.1211238701746778
-0.30124508450293963
-0.21713615684787962
-0.1174335954348125
-0.16286327317304505
-0.10890199788846375
0.05159162440651771
0.12764256463117918
0.14431991985344655
-0.25803174772949283
-0.1917563895357032
-0.13134551725692956
-0.11327794891689899
-0.0695286659931813
0.05923162366540047
0.11333008168200376
0.1434301547000441
-0.15827610154167043
-0.15138807580613456
-0.15062594721801656
-0.14266536254453496
-0.08751835080443293
0.00861286513413051
0.07202030244109037
0.12761613502488298
-0.07193649816697681
-0.08478806037892872
-0.1406358914500231
-0.10689363181371325
-0.07926553857918209
0.01813461808169886
0.05154677408689187
0.12177978973191006
8.18776783800823e-06
-0.00371882872644691
-0.04379187493010345
-0.007715895708271636
-0.010636185947305365
0.016052857201621418
0.03278512025214064
0.12612329208749573
0.03465133132209064
0.029915821532256415
-0.008066956010306658
0.026160818032967215
0.052115989546812624
0.015624908286038686
0.09158715723346478
0.10242817333296944
0.020502937543224437
0.07960530793927789
0.06402471181685304
0.0841271691601706
0.056185515868925485
0.004121231437802547
0.06703009066413479
0.0261022703309019
0.00998250487194735
0.0800846521219079
0.14287178672603934
0.18452680034812102
0.12229091161112296
0.04779552154698183
0.044561994122012116
-0.007529251288179606
0.12121311430099808
0.07403079018469397
-0.009975227862620617
-0.03181149877108547
-0.06821468715157303
-0.07890579762161165
-0.05689634761323542
-0.02028551343531082
0.16442105593737555
0.04561637884958447
-0.022495275344392218
-0.040446749989819925
-0.07912160281103603
-0.06583123021984202
-0.07316681697271812
-0.04894084303568587
0.1960687412923212
0.03216941800225959
-0.05421575666450128
-0.05419338314102326
-0.10329856842423785
-0.08992023642466962
-0.08471141446821417
-0.0686176322818054
0.17621193868942214
-0.007518837081165769
-0.06083501729324475
-0.0860546952528657
-0.1161495597072329
-0.10641140171766841
-0.11246443810789739
-0.09730661388704928
0.1148133932137646
-0.011719260569944656
-0.08670043875996064
-0.13219888777401206
-0.1540159182147578
-0.1586826266640602
-0.13897175759704117
-0.1324110625218027
0.028557652975287368
-0.01070919320756128
-0.08112845760658396
-0.11835203603010347
-0.1511006491591692
-0.15554465061045453
-0.13415486536646343
-0.1398111175950635
-0.018214060415875755
-0.014306420407560139
-0.05513474633859555
-0.09206966967124801
-0.1445031447388107
-0.1389491129571879
-0.11077920249618745
-0.13300424964279142
-0.022629961507626167
0.020610121454501334
-0.013102007618120574
-0.05523923349988383
-0.06624539280078612
-0.043113364249662
-0.04303862178086704
-0.10091522199727918
-0.049210771069408854
0.03633383553742836
0.0591466245651181
0.017303598072545
0.010592768527737051
0.03765966697258577
0.04818830319885725
-0.04766665889251054
-0.05695195955432174
0.04413066511364694
0.1479719080497216
0.08101263766058767
0.06411266781526057
0.08033530363296547
0.08151779116298477
-0.0017331797634194679
-0.04081340773207087
0.09079010880279059
0.17552633036940168
0.0844063892092641
0.062568579253706
0.07365067962282554
0.11885859353247986
0.0362040756107771
0.0005364088761442148
0.17969351025277946
0.17752931101525943
0.07027724778844496
-0.005039032486168327
0.018783114108171073
0.14010348004402673
0.10251511388264752
0.05971930445473633
0.20033411234423032
0.1335042003435365
0.03247367659660649
-0.05946334029241768
-0.009987006664004372
0.1481433525905465
0.15803005514763113
0.09498355748788492
0.18895928099526388
0.09766814404448182
-0.030744737801395083
-0.10593461538583598
-0.022623948093187102
0.14255994609031591
0.19168834280615826
0.0770617338607208
0.13471309509780788
0.05134795498985101
-0.0712517110252881
-0.12741266710360682
-0.01906044811735442
0.12796107656990402
0.19005247478677717
0.05588608419423874
0.060698008932220104
-0.04112647871914715
-0.1553612740132016
-0.16152622764263602
-0.02122660460653278
0.1367227818444355
0.1956079717342212
0.08194255001288527
0.2740730505171567
0.5136028860418839
0.5036898109528263
0.47767131354952297
0.3263209687707082
0.09797868693584873
0.01875996916727385
-0.004199369292846977
-0.04823053330477223
0.06473507915854235
0.09005486515023617
0.1749193545426722
0.042127551296379295
-0.05094444549418142
-0.07796889388267808
-0.0971513694098638
-0.17464463546115752
-0.16015680868812054
-0.1602357016416197
-0.03280762698469866
-0.09784389861468026
-0.11990749974989932
-0.10267297199918908
-0.1437570043162768
-0.21317356591826775
-0.24947322617663717
-0.27558861488706254
-0.1954434380003555
-0.1838880573865963
-0.1558104161292149
-0.11411609297060299
-0.1802084539230058
-0.23464441994117138
-0.25309221226475476
-0.23338220975328294
-0.20001102534673226
-0.17733203438958775
-0.1318861485430058
-0.10228338874623383
-0.20834594056341063
-0.24722653350522733
-0.18931996487898806
-0.13138284328490735
-0.11059763230565865
-0.14212901603217687
-0.15065794948240474
-0.12449836439819092
-0.17120686900369225
-0.18451646203825495
-0.12705993869758947
-0.04125649964382522
0.00032089129247112047
-0.08557104542064198
-0.16788688551276135
-0.12698726673879127
-0.1571584292674384
-0.15070861717593645
-0.07879985046430998
0.05933261706409293
0.16070761422999566
-0.06964989351762824
-0.17878948805074396
-0.12081421388469851
-0.17034206764388438
-0.1710597033986122
-0.031315585634619926
0.15406151038215238
0.20138009968499837
-0.04287790619923443
-0.15616091267172671
-0.09930289330587387
-0.15749060488293315
-0.14529690086304958
0.03489191082116411
0.23213887525607935
0.28258995040820695
0.04173303022494684
-0.1387516411642225
-0.10843668496559403
-0.12350250059194556
-0.07732435563858005
0.08515588586646371
0.29586146562310506
0.3370259122493802
0.0771211093533748
-0.15498292760750665
-0.13066720241667415
-0.08870752601858625
-0.04570759997726492
0.11702779409353264
0.31984585410864486
0.3238389958437724
0.1669937652827708
-0.11470063502952726
-0.11866936578363374
-0.06784845509301235
-0.013387048314606298
0.1886129188695953
0.3238729907736728
0.32848802921408027
0.2098946611219141
-0.022123749417949673
-0.08731195041385323
-0.05117642124954405
0.020080701368078546
0.20874204562785525
0.2986737318786203
0.33007013947595376
0.21602420446260345
-0.006789760612247897
-0.044469249075027806
-0.02416357218073084
0.019216131919700973
0.18848414370957234
0.2804384891351755
0.32405043903639585
0.24338664297807278
0.08690770487725541
0.010206471195132343
0.01920611375031539
0.012636235909120294
0.14860108036967717
0.17896200503529253
0.33074476310642403
0.2950328506501629
0.14711246495713218
0.06522836845800495
-0.004753598264152836
0.0033159442025895713
0.00878804267605976
0.012405508488888106
-0.012028370196992128
-0.010781778965097188
-0.007244437313219915
-0.0024489278950477478
-0.017181063420432324
-0.025849421830041297
-0.03944240497542778
-0.044355732284843075
-0.037551680613183536
-0.022549960261955406
-0.015832367830950045
-0.021409235941417193
-0.035103536178882955
-0.04603249073167548
-0.0498065806343318
-0.05159699220036054
-0.04248451759129554
-0.04297132968440244
-0.0331476259466823
-0.03353708782864745
-0.046148676990225235
-0.05169013572865805
-0.05743697013595028
-0.04804014647800092
-0.0386333038435624
-0.016547449303180375
-0.023816499898405175
-0.042037540899976245
-0.06841705999015638
-0.06462476510487647
-0.06926235072488066
-0.0494876887821287
-0.028206905889685552
-0.009794361107378913
-0.03486190965495495
-0.05569080708576549
-0.08912348984221069
-0.07988376355092076
-0.0734458325229449
-0.05465429963579538
-0.025264008514219123
-0.008249260196058622
-0.03283301994177434
-0.04426192126069381
-0.11132222668434881
-0.09184100405661183
-0.08228544283112006
-0.058489807137280636
-0.024929760955062417
0.0033166182251007648
-0.02242363582882373
-0.03991258455383473
-0.1186774971814877
-0.08664293128989153
-0.0858617091126704
-0.08252463002583682
-0.03690821148283646
0.01623204933964198
-0.010635649670589054
-0.03972046634136413
-0.1176500463305325
-0.08704838297847062
-0.09357739558897721
-0.10015504684218335
-0.048605800748786426
0.025699358757741875
0.0072064733087820465
-0.04018810993700017
-0.1116488085064106
-0.08335700809966629
-0.09280026540715308
-0.09252921293912911
-0.0606878384200541
0.02614905332185455
0.017186955005440596
-0.03601881345364819
-0.08249057085298309
-0.07469614987793158
-0.08657082387049436
-0.09413833117401427
-0.07182684865190328
0.014067810709820383
0.010012523949555631
-0.03132962645620464
-0.05571831671663932
-0.055914350552805914
-0.07806085666985241
-0.0878369101957357
-0.07062565930426282
0.017637473783158747
0.031034392172791914
-0.007757206256845645
-0.035461301781752774
-0.0273185513301214
-0.04507964564659411
-0.07341281242370479
-0.051450273235349765
0.014204676922996262
0.03859169714016858
0.006170353216272018
-0.01238834902385949
0.007565309287626082
-0.008817991052432361
-0.04727590026249365
-0.04652805498790197
0.008263239444871284
0.04761825999787517
0.017697177338538317
-0.0077413624740581485
0.025191837182273857
0.04295154994363609
0.021454548544446957
0.017003862277905568
0.04108032577206694
0.07159085816105148
0.02130684450531617
-0.00692340271838518
0.01953285782921238
0.07604570436225139
0.11696337350609315
0.12281613462701507
0.09421502551318567
0.0573141924068431
-0.0022735056377229806
0.09795501533867632
0.04689001454952285
-0.010691238296036465
-0.06434962085352014
-0.10683233344421203
-0.1246403882035346
-0.09196955113348884
-0.06548304171144909
0.1312872873921116
0.05333550908942725
-0.02826855418987889
-0.05872899879667759
-0.09495657661990986
-0.11117166383341365
-0.08148524433736595
-0.06701603273969603
0.18631860128246586
0.05231010400172359
-0.05169482126286823
-0.09078351186190531
-0.12614765914212733
-0.11252799534439617
-0.07799108706671126
-0.09641477401585641
0.17438402769305278
0.03000093028215789
-0.07673588856131397
-0.1137592029083539
-0.11450005577666042
-0.07021697041288955
-0.09695224255591298
-0.1390177469435524
0.13130538038013936
-0.004106073903991259
-0.11798385056126204
-0.12380887043764882
-0.08449477636124592
-0.0802115626754798
-0.12234039918790857
-0.16120197083263535
0.05589363926770398
-0.005507991246769983
-0.06932798414584916
-0.07350073809359745
-0.06641555387807305
-0.04854829547700823
-0.05553684140533549
-0.10409019691547114
0.0031218929632675693
0.039304985898814426
0.017314878451975622
0.019162747628410415
-0.005885942934152566
0.007278385648737173
-0.043155114896934355
-0.09983422934018452
-0.038773469937866706
0.08656759154998127
0.08674190184440017
-0.013054408762405342
-0.03920678598233249
-0.02622494446557344
-0.05217079769137996
-0.09930168209089561
-0.03515294753330528
0.17635131448366426
0.16125772558546458
0.018426863228773682
-0.020292698155017413
-0.03806488840883994
-0.09778967208282935
-0.1583279443189744
0.018501373519941466
0.19638818479000908
0.1463545890609793
0.07049085786390286
-0.005456573631959005
-0.06709543841482091
-0.13222473269584428
-0.18502015196039445
0.07468152545937978
0.17358241357448156
0.14898030604966916
0.11335351521313011
0.06008235629883596
-0.028627883625012895
-0.1377598349718986
-0.1903134380989557
0.08985811244509567
0.1715788896313264
0.14323400026487965
0.11151420466873155
0.08372922218476703
0.042289031657151255
-0.052740171287217405
-0.13987107141015767
0.14248045554813787
0.1341122502724579
0.07852627947696478
0.05642427365224273
0.08394071624361493
0.09086140873371767
0.055263781944619894
0.011765743886314364
0.15136020177934645
0.12645124605723368
0.01949871410803644
-0.018189435331285198
0.04929992428870361
0.1101534143515111
0.09442498994988399
0.09574228145351871
0.15185344192000727
0.07345927547583664
-0.016154315236985628
-0.04569677353371637
-0.026336818241954107
0.04792583581797441
0.09414850888741333
0.11406148327948556
0.09949451222027783
0.07481868953429416
-0.05477262012796286
-0.10253688626231815
-0.11557232845420354
-0.04236423567347701
0.03889507764111495
0.09469984812872517
0.029593269612064266
0.05079170259079685
0.18428335977960703
0.12110502313481664
0.03126504643285399
0.008345779800398245
-0.07038391203925226
-0.03479777287792474
-0.014392900757782934
0.00017362982912827452
0.1301871089992533
0.18349558294572021
0.14914090164146576
0.03741245146365724
-0.07000943793400499
-0.057259809804248246
-0.04025377356807147
-0.03555457538962356
0.12428438964644947
0.20829209342411945
0.19960862272904684
-0.001300494337774738
-0.08759741929656911
-0.08782888255401172
-0.07035252701336295
-0.07495557477698511
0.09362932383276898
0.230228132927709
0.2207816639021491
-0.041716420365131096
-0.10103471796796376
-0.10818728878504891
-0.09903210124334863
-0.10161540871902996
0.018760590646442477
0.1783498776264611
0.20923373256495464
-0.07624501077622614
-0.11241662500913542
-0.14640242234312772
-0.11521483717846107
-0.12443305720088704
-0.025650375643008906
0.20996813569794245
0.24278136208849316
-0.13483051784924133
-0.1451526388057664
-0.1559257105743716
-0.163778423367544
-0.1517071708122119
-0.05203329179042358
0.199731594482827
0.2398765227618705
-0.19745098598828104
-0.17371218863495852
-0.15128270466616023
-0.15513148508247404
-0.12154044809960929
-0.07802489135346477
0.2059808317401306
0.19524079060829985
-0.24265369870752523
-0.18170995603200363
-0.13882654674014094
-0.13652675957768184
-0.14489403549138113
-0.11710748182544117
0.25048325316645736
0.14434406509403308
-0.2409438276315869
-0.1927837128000615
-0.1430170974176307
-0.0974662940912985
-0.16394087652241138
-0.12256051328246048
0.24558314143439716
0.14688337499851212
-0.19173538393223305
-0.17918525298520593
-0.12691069145263326
-0.06807893360062503
-0.15936784036445367
-0.10310584469792583
0.23830204088832413
0.14240377227664208
-0.1549080797334226
-0.18200980407962664
-0.1381626631845656
-0.00775090808250023
-0.08109823455834317
-0.008210280325122374
0.22741919766476953
0.14940507421347343
-0.08713961774598716
-0.15222414047722355
-0.11210429893331686
0.007069559856866272
-0.031189311882193427
0.05501106445958076
0.20294385475340065
0.18897980519271027
-0.030220580291792892
-0.12514773645884092
-0.11518045162657009
0.028532371552187782
-0.03313888474279297
0.06098690790119282
0.15117425846305776
0.18631060942155508
0.008454752609769967
-0.1064368705135883
-0.08299561242644574
0.03933703485238388
-0.012204017277424428
0.12758777840650165
0.1439013236945303
0.23019300372960494
0.10119390902003217
-0.04356873497835498
-0.030214073934759417
0.025609437253741985
0.03664228189989549
0.1353696394123179
0.13256948555886147
0.2990026240859752
0.26618895154865696
0.07704501029316246
0.014462832206283333
-0.02641956738230139
-0.040631769958695274
-0.0605588688675838
-0.07919769737839763
-0.08907948046980463
-0.07602535840793681
-0.05906317966140001
-0.03840355973570564
-0.04535098774552995
-0.053155400461995995
-0.0677231249110366
-0.07964196048257262
-0.08775954347649267
-0.0832092337913464
-0.07554921797758485
-0.06051245732737792
-0.07121981293617936
-0.058801872343632516
-0.08425214933154276
-0.1048616625656397
-0.10767904081451352
-0.10642081779301332
-0.08696208167115665
-0.07102848738227543
-0.07554233694416812
-0.08102144968476803
-0.09593128637247747
-0.12034621630260339
-0.1328249500525016
-0.11191746461943178
-0.0581508803633307
-0.07495450645725027
-0.03519195566655499
-0.03504908392868544
-0.017157249831803445
-0.12459787312805559
-0.1355341833533186
-0.0665457838879709
0.006224132706849295
-0.04360031686425522
0.04122069049273089
0.053378638705806725
0.09265293728423568
-0.003246877390040412
-0.02517600927253548
0.05668993721830251
0.16687796498853552
0.05018946943912675
0.20337733558373555
0.16459098490765334
0.24265700450950278
0.18146567798734642
0.17461863041278097
0.2552495158187764
0.2421205785074746
0.1807930844004051
0.15130575270855806
0.19004712775996285
0.14384585963169072
0.21605976974408647
0.27543997406357434
0.18383652018302576
0.17773243698959035
0.3134489216260943
0.16957878346513675
0.16333400473482473
-0.0604477633814717
0.1963855052592438
0.2745226583625336
0.01449653837634696
0.02751295418512545
0.35864378044156736
0.17974901052580228
-0.057096828519651005
-0.25731679663469686
0.05022083624513912
0.10864962358968958
-0.18649436967666796
-0.1766430968818511
0.26082153072018016
0.09605981061473662
-0.21828242406607123
-0.30830692429033457
-0.11186783862250897
-0.10515826867722605
-0.23971365259655253
-0.20722964108228553
0.05601464133007106
0.016925379591086642
-0.21880320885318486
-0.24116469241444655
-0.191304885674337
-0.18285618600643072
-0.1897247487754834
-0.17295555887393754
-0.04274547353776978
-0.07067661278479376
-0.15330021548890269
-0.17161098910534597
-0.16693569056939064
-0.15862784124273885
-0.13082784505398015
-0.12501544027494643
-0.10528031528437107
-0.08141930743966946
-0.1093236391359057
-0.12452408804638376
-0.12779520294223676
-0.1258669156526413
-0.10395709285813823
-0.08810708025298641
-0.07474530103847121
-0.059582673446337886
-0.07314094572448668
-0.08577728214375444
-0.0939349349641721
-0.0950927534043692
-0.08426753854774144
-0.06129189662740858
-0.05198413347398373
-0.03361814571911004
-0.05103910055299293
-0.06920493773977054
-0.08007699162025778
-0.08711239531627638
-0.06905527920370105
-0.046741500276115566
-0.030188689950173864
-0.03504297220760666
-0.04694632642392853
-0.06651647201244582
-0.06926939174988597
-0.08248432064982461
-0.08056830971696982
-0.08412781741725418
-0.05645250343890815
-0.0416820661414465
-0.03543661658086006
-0.07153934887534438
-0.05938703351432799
-0.023712167644545035
-0.05011757539449824
-0.05554880993965622
-0.03912507321813845
0.0022793315886261434
-0.03598750249024574
-0.004717787498428105
-0.012426234902059352
0.020799880793732864
0.0048414975336923405
-0.048065611081843485
-0.03995565685948467
0.024406308469809235
0.0005083337053190529
0.035998484044768346
0.0358501131148769
0.01627003659238707
0.04430205888028635
-0.010375210496892412
0.03666410854875481
0.13776994304954665
-0.0013173880030163954
0.04087916928494917
0.05926368114218239
0.09518914177953813
0.10207584745901388
0.029819709531611394
0.040259943928783626
0.2409777101478558
0.0402802805332553
0.07864372028120237
0.052042697164308274
0.11399974861514242
0.14232080011096526
0.04963586755851024
0.09953703218762239
0.2571840777226619
0.12537743522642944
0.11952453376572139
0.03167692190888163
-0.03172428604267297
0.04963100602182846
0.11808385998613963
0.20384759182343853
0.21353718096497926
0.29909665558722737
0.1703542799270757
-0.027526345457912105
-0.3092502567187952
-0.08298692767333093
0.23990405683331922
0.3202725409469498
0.18069901705073782
0.40434142777533694
0.2017307306355276
-0.10921503481738959
-0.3629540545268395
-0.10180318990819476
0.30491551239396697
0.3195230532368368
0.16948875489788845
0.27966960054592377
0.08878377012496834
-0.14428128563614856
-0.3230820871478298
-0.06246662083288618
0.2395138765426713
0.3481986321634824
0.1709735835570445
0.09571867322071473
-0.10318679762351934
-0.28383830893785233
-0.32747963707366706
-0.1382554255545667
0.07359048456143577
0.3820586404572163
0.1830408722338256
-0.036399136684531846
-0.23219667191294258
-0.4030312150734787
-0.37999577186101985
-0.21728001130573044
-0.030265846692977508
0.3077438013123981
0.11241577342996067
-0.11817877719231487
-0.25282603581644025
-0.3268161557957978
-0.2862823155504808
-0.23105217266209047
-0.06623069375122853
0.1754975230189257
0.0366058532942282
-0.15705057523523297
-0.2451103345411399
-0.29743167773036017
-0.24825546632121132
-0.20648165533867535
-0.10116299822885522
0.0960259385907059
-0.029722947006956935
-0.13912259977877156
-0.19539856354048374
-0.2227500581262842
-0.21634762482242373
-0.17963240633856947
-0.08831974551548034
0.010741298356927262
-0.037938708466358745
-0.11063297930190286
-0.16576125850364987
-0.19703381751839105
-0.1905059341638321
-0.14340852152284256
-0.06719616991633853
-0.017547036608686423
-0.019888948879653034
-0.0016897346442714817
-0.01881784481613924
0.007277277791035486
-0.0017443811147671018
-0.04476820900063372
-0.04916904376129927
-0.06768371387911465
-0.051870809734048284
0.0005965583306148797
0.06522832181656418
0.07707852554421352
0.04347754561127026
-0.00605139641664304
-0.055518115327464646
-0.12054498289241156
-0.05155749730046877
0.03919371968337454
0.08125086713316687
0.11138267317699874
0.06403090240921823
0.05961548285658161
-0.030751569121756916
-0.1655871472031684
-0.047016171063562096
0.09749750055703943
0.09253434313649184
0.10695458741591408
0.09048628128321062
0.0726718478247394
0.04226717736963709
-0.1461758435166469
-0.06824177807198961
0.1003719810809659
0.13165824355316721
0.11777028078968678
0.1216431308276795
0.1166399956835654
0.0835037026629713
-0.008537258452365193
-0.08448682718212241
0.06748853473673794
0.09995871679475861
0.11659251554985794
0.09072482435930451
0.1408036182105833
0.13282617532533977
0.2123513940416465
-0.0002668344456731586
0.07160507410419165
-0.016339893868279
-0.13255494609615964
-0.2080053594093081
-0.08751961173328637
0.09292414814237496
0.43717048272978426
0.16455718793043717
-0.04384133665790185
-0.1939224647238661
-0.309445142685768
-0.3119265093973801
-0.2279095178241876
-0.07733753175177593
0.5964458203368201
0.24449903696790426
-0.15670164957532634
-0.24997959951482307
-0.3512396264308172
-0.31858470250295395
-0.26443823115016546
-0.048297222649819754
0.6002023521959752
0.26746660872406225
-0.1358967359701344
-0.24185008724973528
-0.2732979228552809
-0.24398665222133864
-0.06976736569797617
0.1105811135454304
0.3645220444139927
0.2399218710002492
0.0009125532573226042
-0.05794174480733935
-0.05292694804285217
-0.02945880960148256
0.09768796954217644
0.13172397235327682
0.1067349188320777
0.13636139839273434
0.01659262064324324
0.03329613272884857
0.03289250744566384
0.0508672754357562
0.12956376588345833
0.114371725040816
-0.10447711534156137
0.07618391921463791
0.03208549965513793
0.034693254730216116
0.0492229362071977
0.07434168310173889
0.09068947152190504
0.05413496576848671
-0.16769667689445533
0.002795443206654105
0.06087926668416538
0.046229058759745256
0.06176160833512954
0.04968033474367628
0.058867330927435124
-0.0003167178756371945
-0.17129006333450716
0.007073969204264646
0.05833421591127852
0.02858018006873264
0.017091930588815085
0.043155729960034694
0.05449908267158654
-0.040888299374899795
-0.09793027306442292
-0.01589702178417096
0.05534924231641536
0.061824699866358565
0.05668162295841149
0.02930803009567018
-0.029496552066492432
-0.059171946218369784
-0.06304782730020209
0.02834745020608258
0.15037034848199313
0.2548301280184051
0.3202533765216352
0.3518179054548302
0.3144804490054615
0.12747902387998017
-0.03271159459990955
0.09987760779457537
0.16489483703746094
0.18761746423331838
0.13066046118370112
0.09533001460586993
0.2012761894066536
0.2263008135708689
0.06942268439766486
0.13853003276965625
0.13918913000950062
0.14937514559238269
0.06793837848427947
0.004153396483055877
0.1039487589437525
0.24543446954032141
0.14265193862650588
0.10992917923107315
0.15574674681976614
0.15391553077850362
0.032653964397199475
-0.05342286682212155
-0.0012856551677546957
0.20619242861482878
0.2294294198168712
0.027238005770418183
0.08831053199414662
0.11415053099323316
-0.0337598760997635
-0.10123691209800363
0.019958005531345135
0.14215992830744373
0.22576512886356426
-0.04757274041293835
0.09562082679358785
0.12660412230740586
0.02615766425883473
-0.015590766627320996
0.06891139509949029
0.12814578823954204
0.18800301754567633
-0.09590377854564697
0.07599448798835212
0.14722743511821518
0.09494995151739545
0.032663440686426515
0.1043028001217026
0.08992595160440639
0.06917847834061606
-0.10658819497808909
0.11406005168095384
0.19014111264809608
0.05769383176899173
0.01858710711126982
0.049468296469157735
0.006187658363275211
-0.05979528760246826
-0.125020803379779
0.09392500646664464
0.11511439535460413
0.002575123615210756
-0.063260137707571
-0.08263942687962951
-0.12767684462071027
-0.16146302993251138
-0.13196114290831695
0.09185318783083898
0.04668352611335824
-0.03697475578224213
-0.10802934236391076
-0.1305868694833237
-0.17808424210182058
-0.20134732872332825
-0.11392597638996199
0.041426572399096806
0.01827342886461278
-0.055261815149713706
-0.12522279730339148
-0.16596688001404797
-0.20645106092502785
-0.21643994556560328
-0.06142241344526389
0.027097485110274835
0.0186165108189304
-0.07772171342895651
-0.11955614235369871
-0.1701993627202667
-0.19536231093198514
-0.19621914346820823
-0.024128787134060026
0.02396426867237622
0.014770546547256486
-0.05167649642434513
-0.09156573710740136
-0.1529958148515654
-0.1673170029518236
-0.161329049866725
-0.00022498021562383785
0.012452019829895411
0.03719647303799911
-0.04205176704446756
-0.10889395053542733
-0.16225930045169523
-0.149357460651576
-0.12232361351933524
0.046823262892847384
0.0085929040602582
0.03774807318529688
-0.03438033417543973
-0.09417739555460614
-0.1126332690110326
-0.1320176588190149
-0.08619309170069422
0.04715853144193377
-0.005028392347738608
0.010085238524191048
-0.08456214023285408
-0.14305459715862234
-0.14825749998712556
-0.13907080331085847
-0.06545199345930088
-0.005068508225389373
0.02063948947362032
0.09917390632953643
0.11351881020386295
0.09311476386047507
0.06080947149706905
0.03274037506882915
-0.005913924939506043
0.03336783715369085
0.10064916449806632
0.11976930764397498
0.06638868005173404
0.07223089417223628
0.057444091458047575
0.05227309068659214
-0.012948340823276783
0.07975711239957423
0.13367947192082297
0.06922993711843656
0.048228473163252156
0.0675115738905876
0.054280158345154816
0.03028592634548799
-0.03747446330536619
0.09597604240140557
0.11253124927441743
0.05658573048846391
0.05328599530567363
0.08153650967828445
0.05260063904132917
-0.003803762869283356
-0.0549903409241656
0.059562277013958775
0.06586479601438316
0.016697683463311408
0.038383707893548585
0.07673938052114937
0.010112681292275105
-0.03999762286071161
-0.06522671939727007
0.00798077617913015
0.03962508185652719
0.0077246522656360395
0.055404153033948356
0.06560523514850947
-0.018721855738236065
-0.04422575262133277
-0.049923078005893684
-0.0796594155360201
-0.033734908826875465
-0.019367624409133755
0.033949428190019476
0.04241019725898393
-0.03276445887240216
-0.05077394967438817
-0.03679282435563597
-0.13985975646704035
-0.06807584651865875
-0.04559869958531626
-0.013262148233628479
0.01358257781229781
-0.02728022544662725
-0.024072427919873268
-0.012554132005222762
-0.15789074854743984
-0.09578387866958893
-0.08917544132947347
-0.04012225363445121
-0.031173594258730453
0.005778861217227038
0.02169176812916826
-0.014213016869948109
-0.14801104389895103
-0.10969767891456328
-0.08738230514682888
-0.027050805693042912
-0.019487556740013123
0.010607141686041988
0.029328189280536376
-0.042662519269762
-0.12900668105709923
-0.1124757188589667
-0.08755510002170724
-0.04189063126011289
-0.021777713227579487
0.013840992523441953
0.01246508645105951
-0.056691721046002785
-0.10574539597082672
-0.09126150472928496
-0.06479735746073728
-0.046569892665063506
-0.01482925555250092
0.0045873926999416975
0.002382868248760106
-0.021208370395252807
-0.07907036064864426
-0.07963144793843613
-0.04658122330131764
-0.02650125846840834
-0.00575430347820019
-0.00434982945976331
-0.025668528165515125
0.028864964186692477
-0.0616997947175405
-0.06068800335410546
-0.0474298937447053
-0.01961326862699314
0.0028897336252838857
0.0125489493272678
0.0065093031523410505
0.05042702292016181
-0.03828311181415961
-0.044120824812632464
-0.03235368219584106
-0.010604589402473608
0.027787604777171515
-0.011363762786923859
0.025457384175242626
0.056375723853623105
-0.025842532494975617
-0.030749902828374726
-0.027613529834056363
-0.02339908226688936
0.0037371901888259007
0.017154511695708807
0.033037136978231685
0.017256070832198676
0.0010547629187915852
-0.022662492448599664
-0.0325192512984015
-0.017419158657024147
0.023884563346189547
0.047267408027019085
0.10889696431461739
0.12181380920007817
-0.006364275600470565
-0.018643933937738527
-0.042965265713280576
-0.004863941569833441
0.05282609657248383
0.05809482029304819
0.027107284565364882
0.019583154149004856
0.05943304842377434
0.03192037573009532
-0.010877467011579767
0.017732494737314697
0.0691272111992513
0.08051533786506174
0.054995100395206276
0.022664249111386647
0.09963315463951783
0.04578453768590457
0.06714646238154665
0.0714911328364445
0.12712967925973578
0.12157200036682567
0.07590811897636428
0.06164640762541751
0.23549372446834033
0.07666632216987959
0.0791368407285884
0.13484034258468583
0.17858005500192067
0.15969873955840874
0.13168128242470206
0.16271002944623308
0.31175457139729107
0.1380446299897612
0.13183461425072063
0.08243983624813597
0.04888572912380486
-0.0011252449769741677
-0.026964065865803223
0.0324725195226907
0.35748205268817557
0.23478014072297126
0.1178408532805714
-0.014881027899278199
-0.11595655482776163
-0.19446897676346225
-0.24909417692282
-0.1565282220756396
0.28573860645043425
0.34738532025853175
0.12664330115016348
-0.07513447008204052
-0.19128347241197105
-0.24503742283454322
-0.2867257364305172
-0.29282000030958044
0.20884661485513994
0.38873136794077057
0.1770966832811517
-0.08460638274953464
-0.18622379775994954
-0.22859672928490965
-0.26068414706267073
-0.3055726084321516
0.16522118208557546
0.31008770791424894
0.18777010867594396
-0.04214007839822784
-0.13050220469487744
-0.193035672450532
-0.2490446420138537
-0.32768882735827476
0.19902429464023158
0.1682612694010479
0.12474393459850858
-0.038102249904316585
-0.10926308729753767
-0.2040152942879121
-0.29163644830372526
-0.38319104469666176
0.1964521221476893
0.12860744104824476
0.04195941194961467
-0.1011001970635948
-0.16644387638791183
-0.23443586847702197
-0.2753335832136583
-0.34202016707432
0.12496160860472699
0.006809456342954379
-0.023834980449695287
-0.11335331874126212
-0.14677927594516457
-0.2054144427142932
-0.22852487773254454
-0.2429395736128307
0.05980199346754742
-0.02196211873225612
-0.03592350077169154
-0.10491358313357077
-0.1385149414363443
-0.16773184358928672
-0.19399377100920048
-0.19164418039074788
0.01404221823034351
-0.0199768514517894
-0.06224408151145672
-0.0927781728239031
-0.09707866793494435
-0.11433001544698357
-0.13740685290807952
-0.12192590687357249
0.0034591141874258935
-0.01545213825098185
-0.07454476202892005
-0.09560120264514843
-0.11663240889415816
-0.10501437275529774
-0.10165525909381423
-0.09000029905981966
-0.05675603209628796
-0.061930721248265375
-0.07070435303157083
0.003935078273909709
0.03022271451001879
0.046818748801645105
0.06004723051601116
0.04961213934716567
-0.05045310797705391
-0.02878675170848138
0.007275833570259682
0.05649962186239524
0.044905500850915214
0.045800257622377716
0.04957027221220186
0.051806860009900126
-0.04099719963470712
0.03474828695733353
0.07823857266847373
0.08531616384177124
0.06734711810162247
0.06315867102476547
0.0344059189306819
0.050302355599104585
0.039725658236670416
0.11238947303338753
0.11107914954625203
0.07043456814822416
0.07743061128220663
0.043820616205502316
0.021105564158301393
0.052059446149894884
0.1211512188478624
0.15287677181828474
0.11901065951012252
0.06331534335013661
0.005234351268228465
-0.05048114526862646
-0.07462387653135771
-0.014904633893965291
0.16433401799430064
0.17825409351606328
0.09052405622589936
-0.05287362418176905
-0.13992070108426125
-0.17571159472355863
-0.19409781662681524
-0.16754228634739932
0.10120145229213953
0.14474013041591383
0.16223588851301463
0.016879961834353308
-0.0904674756028328
-0.1445516686676709
-0.18656678473003072
-0.22125331736936374
-0.10183096197669417
0.029517706950004996
0.1771074012883611
0.1790058572614433
0.08904797796511543
0.0615984479236954
-0.022806104715634747
-0.11056143760996795
-0.3240835666070611
-0.15320077895739145
-0.05272010795882048
0.014023196785812368
0.13127195136664782
0.1950848887162586
0.21057671920215412
0.14462982818847647
-0.3740550661659243
-0.270354487950835
-0.23615949805308012
-0.162796245757085
-0.040944118866290014
0.09989688158351512
0.21746375565938142
0.3116168697767174
-0.3059190904878663
-0.23946576950377224
-0.23472893020685787
-0.20706899691477898
-0.07763675246431961
0.11503872837758683
0.2314626799545994
0.358012846468874
-0.10331693810283293
-0.11784332121788976
-0.10333629379768255
-0.04776785407046506
0.05642522043647344
0.12750384446354224
0.18066529041749801
0.2970300004584292
0.03366974109099086
0.027092246714867207
0.030650180309417407
0.03878082166576309
0.06093672820806245
0.11384888145534477
0.1374626197285041
0.1393462286806435
0.051195980620215215
0.04333070943831524
0.048296128948383144
0.05308185846765634
0.018770881229915548
0.060242072794299384
0.03798853467013463
0.02500196709804134
0.05009064274006621
0.030550523553975806
0.03819377799904938
0.026967251225826078
0.015524489281285386
0.004494078311570893
-0.002726480116249208
-0.0028971122743941535
0.09230071302342752
0.0653011708796179
0.053979164462830145
0.01791442950406169
-0.033961051351514115
-0.07013885026371242
-0.06139953356858474
-0.043124301291392775
-0.0059285991169198415
-0.04696829481939041
-0.10242690391477188
-0.08252446739704906
-0.05919516342530759
0.00506594168117952
0.003969624906093261
0.028607681508667326
-0.02309199114048549
-0.044191685063207364
-0.012197021813560471
0.04514315842113281
0.07183757165121082
0.03830437867408318
0.029814565591125886
-0.027129784153245934
-0.06308048212552408
-0.07225949950296678
0.02456529390861789
0.10213767195344817
0.10075805739317968
0.07825377014619365
0.02639160116305922
-0.08108792484550452
-0.10068481533575471
-0.08223104673635959
0.02089164314482911
0.0951303166276733
0.10129042011668266
0.08507906078137983
0.002903639127391
-0.11390193061971501
-0.09356383926799239
-0.0483337982377241
0.07309753655884893
0.14713054789260863
0.06495962251372785
0.09657520048795742
0.05172784468878655
-0.09277962744514501
-0.09790340671403877
-0.07752100854512067
0.03905277444521157
0.17754656811425795
0.18361419910333143
0.10263680732863545
0.07618881725048844
-0.032452214391238354
-0.045022685432536014
0.02606461478695085
0.0990153817163173
0.18338348586556863
0.1642909342036435
0.14626623035079878
0.12517220214994806
0.06375487508380992
-0.01991315014369123
0.0012759710142595804
0.09680658733406419
0.18590436604471916
0.13709747570338993
0.16623012203196527
0.08612785332693312
0.056200380774525605
-0.0509108242263841
0.06284683866701007
0.13333134550175757
0.1655437540498682
0.16480176065069896
0.18261190316790848
0.08215264017569723
-0.0025748626529732976
-0.18137438070093184
-0.046735558226010665
0.07376212828652479
0.10293949639261513
0.1871457053374529
0.09108784916665444
-0.06134717069457474
-0.15637629634942327
-0.2598986064286607
-0.17824274966377507
-0.07790161367799942
0.055501393199368754
0.10816864713730368
0.02311919860969327
-0.15400704287072498
-0.2586311509651889
-0.24193384556281666
-0.19075423185576257
-0.09090801749320905
0.07476785660467099
0.1061187924244521
0.025369299187537497
-0.12058221514471032
-0.16058243337657496
-0.1972836541482055
-0.17358783717298587
-0.07774463583157643
0.08015777306608288
0.12413784131448341
0.07346920567719556
-0.04722824797487668
-0.05143629105889902
-0.15242696361309965
-0.15418605699154495
-0.06721283399718728
0.09635099336736608
0.1252088749806994
0.10492976205951973
0.025368290470106997
0.010495790859002652
-0.09288525330532144
-0.11793272663152865
-0.08380675295869702
0.07676674206963152
0.10081502903593363
0.09802907681213935
0.060852457396116194
0.04985151240262703
-0.05189010982995801
-0.12618695814374103
-0.12864419852691428
0.001975372476021864
0.0023576029189052994
0.09090440530321381
0.09047521405668002
0.057641904536266
-0.057041761442186756
-0.057238623685460066
-0.09775422306292215
-0.12047152090537802
-0.12578043539718048
-0.08835179110900895
-0.028267944952725277
-0.010431793498502262
-0.0807570786610419
-0.07863698174707495
-0.12438962951273935
-0.13113064003780195
-0.1369580295997391
-0.09902628515276296
-0.034983655960826004
-0.014037657868207709
-0.0353937933551185
-0.09040801561654904
-0.15959916353983353
-0.18270940070979624
-0.18703184651929816
-0.12576659516013822
-0.05657513728195074
0.06562463814903655
0.036256599558322944
-0.14059183621527105
-0.2127465333878294
-0.238247856733095
-0.20311238913563556
-0.13164110589965097
-0.07924182543800817
0.15288776840075727
0.2040500624056647
-0.17915085206925074
-0.2799576960367792
-0.318576877389529
-0.2252292198147923
-0.08736073887975138
-0.0496706889944567
0.1797418550210912
0.3039099430156875
-0.19969794628610538
-0.27712125648860014
-0.28657009379139337
-0.1624815607261373
-0.008322496347460295
0.007194372823868811
0.257535417809845
0.323623848221366
-0.17370927971277744
-0.27004601907343895
-0.25686534492186763
-0.03499248884032907
0.08903475265985317
0.0884203937482547
0.23478938336672422
0.3279028206805999
-0.13878274086278647
-0.2603491619111674
-0.25654359728988807
-0.010320773608074263
0.15310671568681933
0.1261431019929949
0.18807692578444335
0.34692943180802044
-0.0708627287981578
-0.27199998361290756
-0.19673816022963297
0.04329262494048404
0.22803999271683606
0.20132965005241782
0.1615137886793124
0.2688161906851503
0.03317353258543049
-0.11145394185551227
-0.06498111137526857
0.07757738050353602
0.25046015143396266
0.31330459428335744
0.17148625680304902
0.13703562761662302
0.07981911632089078
0.09003201518607551
0.08001448080463736
0.03427623582255773
0.12904053716819425
0.2811000478557873
0.18479035494037702
0.040147923342951086
0.032678633630341965
0.09073797592345478
0.0573606283405273
0.051053893157351704
0.08028179898215532
0.1737252093351685
0.11626664976949413
-0.022002536885759427
0.05240605737793058
0.07419723680870374
0.01868905641037205
0.008531220349124902
0.04693912814390944
0.0799752964013481
0.04018456190836667
-0.07466941963606322
-0.010972768368845184
0.018108467870045164
0.022890061662144523
-0.011464967021934225
-0.01292134105993234
-0.007015494543106959
-0.06710737261805433
-0.0845335609726445
-0.05450687323276188
-0.04693389763540923
-0.030191642253775318
-0.038548988894686165
-0.04464995805380645
-0.054363078455591296
-0.09443959725935172
-0.05729125860745349
-0.06307921152086822
-0.04431444791059816
-0.022822616755398983
-0.03028029704428853
-0.0404253240620987
-0.06603460452383858
-0.0703302688322805
-0.011764836627006947
-0.0479754783138609
-0.08352458292545656
-0.09608506046801651
-0.10145025935052387
-0.07966924917780846
-0.029078026163722348
0.07150232921784896
0.01966823506836679
-0.04947088719925352
-0.07925937844907996
-0.08193593148126466
-0.09171037408871384
-0.06969934361641089
-0.024903693945261943
0.14836701026436577
0.05336814959256153
-0.04243888714836053
-0.08673134739254068
-0.1059553191145674
-0.11301629157311421
-0.09704464855422346
0.0038260142546312492
0.23861444737834644
0.07529717367914618
-0.04965957183640224
-0.11155841235780108
-0.13256742773823826
-0.12957703807281462
-0.09401818758908391
0.050380257655846805
0.259352016409112
0.15531028705276637
-0.041753477456844657
-0.13491934228782954
-0.1721982768274476
-0.1579124894483104
-0.11021391907713451
0.08711677054364858
0.24634061191734896
0.18957069445372454
-0.03946276014848055
-0.1418357333188182
-0.1593187795561164
-0.15117216306542958
-0.07241837275014812
0.13058145952817568
0.17325592836387288
0.14556429845610097
0.036869039715836494
-0.11077569675705962
-0.16133062861250297
-0.15851805531299934
-0.032951636764241954
0.14510163738909385
0.08323205341276545
0.02756693236819313
0.07622333292493316
-0.03910060693794232
-0.1649572048278343
-0.1474687151879985
0.009897208678483871
0.11501318416909267
0.04529581333942473
-0.056110796324894185
0.04945839527878565
0.024003857331756178
-0.11124126512921595
-0.10891374062096004
0.015790944746643942
0.07286705581052744
-0.0006078537777245985
-0.10693709288837638
0.02437346863122275
0.04317358544280436
-0.00709766550101254
-0.016187359837189996
0.03044138498086313
0.05756217111385287
-0.04427901298964366
-0.12403354730983607
-0.0187729066274549
0.059885962365190115
0.09219640761292427
0.04083569514255719
0.04720971749700498
0.039595435638714704
-0.07712416560931054
-0.12307923825148215
-0.02312152148643659
0.06270131050132668
0.11979051646957864
0.10361984278102526
0.08014883498497372
0.009270062903946413
-0.08787071307387687
-0.0949528460900993
-0.05179814382821113
0.034862694778500763
0.0819354200448783
0.0849796235263568
0.06744140989281323
0.0073248890541316915
-0.07051628429931012
-0.050948263658305154
-0.04610274552370247
0.008157864851763397
0.050465811707379904
0.07177936842325738
0.06027341805562522
0.016965815529039197
-0.05121533157850672
-0.04394681175708026
-0.04116611029518136
-0.022817133656211935
0.007126205834429078
0.03610748314894868
0.02381272866622086
0.0075992399919802885
-0.029846452782133315
-0.0358917608084699
-0.046602209256246585
-0.060372027533871275
-0.04459230777890499
-0.01575169538466742
-0.014122089397963167
-0.02425118469616963
-0.0315662178430941
-0.021589275268892205
-0.033322351414119794
-0.0525225234112503
-0.06503324923072232
-0.06836082824233908
-0.05910448279817393
-0.0430340611200139
-0.029684966033559967
-0.033795297412643144
-0.03750524705854402
-0.05051237073996351
-0.05819740665102961
-0.060981948597138014
-0.05504279488006761
-0.05014000165614538
-0.04596937460541664
-0.05868068818224002
-0.05341971173503235
-0.06502178052076009
-0.07363188374210294
-0.07721682823603565
-0.06709484260261916
-0.06372601091970337
-0.0649347695444853
-0.07351996711424313
-0.07831669185975293
-0.08664222017049411
-0.09724315654617272
-0.09911388829522738
-0.08955832965565783
-0.07118717423040194
-0.05321687758886437
-0.055742309369065435
-0.12654193425937532
-0.1356780020569528
-0.14619210163553878
-0.15511802721219325
-0.13265313935462786
-0.08323663615904077
0.0693834077445558
0.015355555215671113
-0.163124521839228
-0.17895507408628786
-0.15426032484290797
-0.15450837153753022
-0.15169394735810215
-0.07211240938123992
0.22251581420313143
0.11037786559732843
-0.1712223422772332
-0.12459157118911779
-0.018572926196278157
-0.09475889430755804
-0.15329123831444183
-0.05769482794005221
0.31231822220356736
0.13213831143155644
-0.1268342497753327
-0.021267477755799125
0.11207090790535035
-0.014145762737315992
-0.12332566727339311
-0.03740108534435327
0.27735974151288945
0.11308665307373611
-0.0486088410594126
0.09160515265748881
0.1675630988229515
0.06287530499555023
-0.02661042865960911
0.01698706958243429
0.19491308684616926
0.08876087224382932
0.06806703702049643
0.1709825758299479
0.1607067814349451
0.1324003798042167
0.11482052959941476
0.09076599564809124
0.09784545609317077
0.02596576914182508
0.0944359693066098
0.06474442956906282
0.015299977904880246
0.047928966947913945
0.11972975369519766
0.0666026068567298
-0.02580198608046378
-0.0405645035911841
0.014455373175398467
-0.05490909429704122
-0.08344862044830692
-0.06688199025472863
-0.00030256725146321495
-0.007744937930164494
-0.06645825926988883
-0.09092734552486917
-0.064748439438504
-0.08894851604338917
-0.09739673911088964
-0.08678051230688996
-0.07403788232031813
-0.07838135934100854
-0.08200993767934979
-0.0734263878757779
-0.06973881761234546
-0.0867636444520956
-0.09113050405150348
-0.09139933531972516
-0.08172351060857946
-0.07043957166571568
-0.06234739306419685
-0.04294897839272849
-0.05567817975934522
-0.0684621739312408
-0.0717356979235681
-0.07518481685345593
-0.06692235013121722
-0.05310829253675903
-0.0357000598361068
-0.027176085253072274
-0.04267725603588424
-0.05787686763762945
-0.06605396054389129
-0.07140434868344495
-0.060579604896451644
-0.03954337391717953
-0.02255137264498308
-0.017185045197399496
-0.036885430595535895
-0.06405081840980431
-0.07622768660325002
-0.07990115846661738
-0.06783829025230947
-0.03775778007493069
-0.014972965633307536
-0.004243403315175809
-0.04150911537910912
-0.0591829110942399
-0.05917009609375781
-0.05974634810199925
-0.045802554076353974
-0.026844448694895717
-0.017233421843054042
0.017545256016565813
-0.03044387129223218
-0.057233774808834764
-0.06847875773589733
-0.06609510209141824
-0.02659491053673063
0.005975420434490952
0.015099755506218865
0.03838357781023047
0.008248237334487651
-0.05448332845841075
-0.07208736699588247
-0.071496127032038
0.015505416559937285
0.06684937546294611
0.03229233748180116
0.0441763128331642
0.046607297634734784
-0.03407498560025929
-0.0715689219114759
-0.030947742003247042
0.07307887841948087
0.09865167954235893
-0.005729908786497179
-0.012827225168134837
0.06725710269543797
0.0190125731315281
-0.030728185343451897
0.041429066510351206
0.07021456755668876
0.0037154758381955366
-0.08567665571612633
-0.13148800260657753
0.02844626825197255
0.09696573108196438
0.08731155403264629
0.07811961786961485
0.019631246691743987
-0.07521022993439008
-0.11361477943026119
-0.22588352173788406
-0.0754969060302676
0.11036822989386652
0.1386797846613207
0.06893000593194404
-0.026838710398899318
-0.09616130816330332
-0.09601081701116443
-0.2314671074701034
-0.06608373099695622
0.08349857027783618
0.12796860528755655
0.07661201199953305
0.001905799930842833
-0.06320971625117401
-0.09569434685519479
-0.1580356654720413
0.0037862518605841777
0.07464785939678231
0.03313327228368407
0.0805929369612482
0.09727749906589475
0.008488781045925195
-0.07336925071253882
-0.013224617250005892
0.06586850457093174
-2.911170386254991e-05
-0.07889347872840685
-0.04468532426397044
0.04631872397928505
0.061891728439886995
0.0007388901907938103
0.06047134702545093
0.026670828849783668
-0.0756307619176427
-0.11685217898120215
-0.09238089248601877
-0.03226778754445417
0.013307807630556251
0.012691418868208237
0.07697857845254415
-0.009874511770725236
-0.08355591674853541
-0.09608281523556494
-0.10547508571204922
-0.06043707080468996
-0.023835638602052456
-0.007706612077725328
0.03157617588251238
-0.0397678184367139
-0.0818757949514729
-0.08305116145649971
-0.09477953190960148
-0.07232516947566692
-0.030472885743552697
-0.007911226877645672
-0.019158683073714655
-0.04652595187173114
-0.06908870562532353
-0.06662548455847284
-0.07707623940154221
-0.06856456090176355
-0.04765740565175647
-0.011340096618766164
-0.017402772872191052
-0.04389588674931372
-0.06809865141989879
-0.07132874900173891
-0.08405158731825257
-0.07368610031624512
-0.045829225727371956
-0.023392728196527157
0.14857254531030925
0.125607450280107
0.004488167651914565
-0.12757445027354986
-0.15008793406558463
-0.07114588368451719
0.08788535136016778
0.13379885101629085
0.18248592706654804
0.2150934648861172
0.10939777724805844
-0.042555718837519685
-0.035338131113079096
0.0539679373802488
0.12311828710402023
0.1930924432017842
0.14032719844591943
0.17334215329336555
0.1642712370547904
0.03750582384759558
-0.010305837431287712
0.10502394947946425
0.16898743880436834
0.1867269326686315
0.10362773339659673
0.0987361778795311
0.13073503129284944
0.1578018831258156
0.0981316999969195
0.18494089375198722
0.21822447896085695
0.1246522989264926
0.006624412993618045
0.015353834032230201
0.09574927448215009
0.12667221080198796
0.13829491057013737
0.25077226288277066
0.21565199265801716
0.03543702693782194
-0.08839630758132522
-0.028229389803232585
0.06685149824141101
0.09382027889553418
0.147876242559698
0.2620918664383504
0.14882588493733534
0.026022157846202404
-0.1970211630020971
-0.13907502655987208
-0.04056842756655882
0.03973977315665367
0.15711455575906486
0.20857138732553135
0.12241082216737362
0.05519466339491997
-0.2645509236974252
-0.19746501254735038
-0.12408383463104611
0.008204146831625014
0.10838126229376749
0.0651058412956273
0.07166726584908789
0.02618477381684145
-0.2806725802033597
-0.2088616047487398
-0.11778691712698741
-0.030952138808260088
0.008718099892608744
0.024938014710500556
0.01461102635429612
0.0022130673215862706
-0.25122743630348277
-0.17661641338143938
-0.04259063496492793
-0.012688684702272718
-0.019009098884025244
-0.042987933955585034
0.0064664006106758785
-0.0031537545561125535
-0.18584622444609777
-0.07121675966677034
-0.0001542318307539703
-0.06091961045010824
-0.04074354221649279
-0.06991326043718812
-0.022203665890566215
-0.036844848344924686
-0.12160980868059224
-0.026763059740635253
-0.02890430557049195
-0.07079820210591378
-0.047004078297429835
-0.07121522112077844
-0.03342433242566001
-0.03848314912840872
0.022610188148373872
0.029429834137395694
-0.029028835722082993
-0.04937946725421377
-0.056173311868709386
-0.06350781918526782
-0.02460690229153517
-0.018321052815863464
0.0791031536944197
0.025499926301626286
0.007656266386288177
-0.015813998021885822
-0.04298729087333478
-0.04235794140104354
-0.0221971292144438
-0.010046789401335798
0.09630935419703107
0.03730762582062097
0.012626856819710153
-0.009394403203565563
-0.0074676196852962035
-0.0332042064460642
-0.021695301961534477
-0.0014622412359667214
0.08999642008169079
0.07925269828960052
0.05151816896936923
0.03357137518512843
0.009717900382146427
-0.014660232961261746
0.009083554178055175
0.0030137140032512333
-0.023123659412344955
-0.04113311890356114
-0.08177632801185665
-0.09651992682479556
-0.11208389071356145
-0.11233701698875576
-0.09558676556969634
-0.061113457946656624
-0.017544894755513907
-0.0300257027140867
-0.06604137787657582
-0.06556611682614522
-0.06201936226676613
-0.05666679040326533
-0.07421308128328696
-0.0663219663705053
-0.011248690724774468
0.033557464794643166
0.018094201093396628
0.007044191964708124
0.0099950707845754
-0.012828718795183214
-0.04833510631810729
-0.06042094893868588
0.06219860350539863
0.09201704671683875
0.056895539112054916
0.014957825549535009
0.03359424797790245
0.008609537453651561
-0.008807637569247517
-0.047448994253551334
0.170611473739304
0.1660359244818595
0.1281573038743073
0.08722177541353776
0.07523419608495457
0.0812316290199222
0.019566660829322444
-0.042717835150617764
0.0009138963619899076
-0.023968931855218922
-0.045686863922021925
0.029083625477465125
0.06291693035890897
0.1719051968188666
0.056179311046951785
-0.05430761525888275
-0.20255453519340988
-0.15016968141888049
-0.10463416789895474
0.04920286780251226
0.21270322728226404
0.23833142715943995
0.044444054436066804
-0.04832483731054954
-0.18210785164199841
-0.07241371773743008
0.05058817769094083
0.16748803108633245
0.22542351355314288
0.15974203504882872
0.013699883530750412
-0.058600848855976814
-0.247278466359522
-0.08764858451738036
0.12126924668544148
0.1717413511404307
0.06899369107467823
-0.04371184345264062
-0.0947462011508742
-0.12000980868830854
-0.27768641848389863
-0.012907896881030168
0.17104687144205788
0.08717093456260411
-0.05571801723956454
-0.09531807942684756
-0.07154773590716418
-0.07711035100528721
-0.12994978786408518
0.08917268156364161
0.14382726491100442
0.09831310575378618
0.009045743041243628
0.008195209442471707
0.015015565039340803
0.04272853168863233
-0.05350996317709149
0.045180920160703436
0.10978510025467447
0.08070072611660084
0.0984291939808909
0.0892865611927641
0.11548877545243522
0.13191128780516206
-0.018346320440087938
-0.003452652205077511
-0.007981901568877478
-0.0297150757092733
0.012577271824289919
0.06316513255571438
0.07888161908309069
0.06564353911911368
-0.045694234934350146
-0.03470426205500988
-0.02126277129563925
-0.004441539260216204
-0.007515792674013141
0.022338675380129625
-0.00028345324640882685
-0.022691981079066836
-0.05182745999336136
-0.058044536501292765
-0.07141128562785737
-0.08295373055518548
-0.09836894781580656
-0.07497198802355753
-0.07606042593025711
-0.03515457826880436
-0.05193066884104758
-0.07615527662034358
-0.09487111089123929
-0.0931314349714864
-0.0989194682855909
-0.081006254101119
-0.062173244920319365
-0.017863794276838374
-0.3107849949010517
-0.11998515936916904
0.3078816630297906
-0.12210309913369877
-0.2979356661052854
-0.09267274961516545
-0.14287158761664787
0.10979461059877005
0.11687549887441012
-0.02789139404837751
0.08464048727395718
-0.02787514274151648
0.12192861550773842
-0.24614703875865343
-0.17902861198107295
0.06711479511404506
-0.051103056479530506
0.3912028817693987
-0.10966745467733419
0.07356297225316358
-0.06869780817472818
-0.07030125622215205
0.12366907529154636
-0.050626914336279416
-0.08594603746286772
0.04263780937400244
0.6100704772340446
0.1371431255758907
-0.06670129805830691
-0.046143290080426225
-0.16114969368973692
-0.03057959590437903
-0.06070937711052099
-0.03479542669065744
-0.07344849939736803
-0.009180014490043839
-0.03556435668842137
-0.0635695696799168
0.12124789066707015
-0.1466993948100801
0.0537738573567533
-0.04999637002779164
-0.017656906355549645
0.08005905708474037
-0.04797179523664527
-0.052554769300800885
-0.09052739119891229
-0.024175900941172834
-0.023028736043262388
-0.017609284125541247
-0.029600696828481654
-0.0369415930105791
0.3129490978125509
-0.05287026750461665
0.04583700517052891
-0.05487181584941003
0.35436250740520975
-0.04237445426315967
-0.07029105246255962
-0.03518936287328783
0.4169401355675733
-0.01204314977636689
-0.04126233392732126
0.0725706086075544
-0.0600853969523948
0.18589243438168512
-0.13355290335143033
-0.06864060767248392
-0.02263117795033076
-0.0963430194046549
-0.047226521208133476
-0.06671483493869701
-0.086379587686731
-0.028982363606057354
-0.025324391030153354
-0.02035031227983103
-0.03663670819533499
-0.042917120880045345
0.024988456425747263
-0.04729729277549721
-0.06743950531714893
0.11635217984022661
0.48667440534618933
-0.036405662170616915
-0.06368980958562948
-0.03128769769726569
0.08735126619351591
-0.010413747639281587
-0.0360131582982617
-0.08181134672913937
-0.06322697396246908
0.2245607670015939
-0.1277619807922028
-0.052612508286640255
-0.019144247260996033
-0.08032704236463262
-0.045333104849739264
-0.062054353816642926
-0.08184731168909937
-0.026449102751062492
-0.02317591862703572
-0.020266092275291192
-0.038327321457796715
-0.04427941557645537
-0.36738194017283643
-0.14781957274451907
-0.031164169166657762
-0.002035000164711198
-0.35896914318896056
0.032282171885144595
-0.0896589282162649
0.005146927603282475
-0.15950730352309483
0.11658013628063846
0.21000932984327178
0.482409723983657
0.028360517801000518
-0.04364899513633802
-0.3318144227466522
-0.026013210803730813
-0.06745768003835012
-0.07858523095336928
-0.044967322841972635
0.2974161214812497
-0.15726456777530795
0.29529468328498854
-0.07721450720674006
-0.06529731030651842
-0.11654122314590908
-0.002270993797312146
0.04978165038230292
-0.03800007807748787
-0.04158073600575424
-0.037592868719712874
-0.11555997995001843
0.1686892644959436
-0.04828623366446533
-0.023633727879595556
0.2212657244715575
-0.0074434950842600656
-0.02573609361652509
-0.0656761312531729
0.05875052271664777
-0.10294162889762082
-0.08397875069938582
-0.04023735700827202
-0.014409336123479721
-0.04994528032279705
0.10121121606057343
0.09445852448111669
0.12245691185321003
-0.018920057853436423
-0.016767064721520453
-0.013893521385647423
-0.026557995351499247
-0.03021309178318221
-0.16979879932995298
-0.059822086720452555
-0.07043144624146874
0.04314781094601505
-0.18703784898128972
-0.043539812751911544
0.0886977991207695
-0.04090009845035847
-0.006397059417232065
-0.013794933279633936
-0.04149704936019344
-0.12583872325992293
-0.07868044840455357
1.0883437627110777
-0.030707329100219227
-0.05897532569494507
-0.02654262405751391
-0.07912535501629754
-0.06891171511988736
-0.07471437950771172
0.06198080585057478
-0.032488461866535145
-0.030612918712103532
-0.02341743997425605
-0.04793822138400397
-0.05163208437151756
-0.10757259527229288
-0.03473839434560207
0.12548324040266345
-0.03012460466582717
-0.11607488467559862
-0.022665573012196294
0.09463301135655611
-0.021739566772175256
-0.05361899184780218
-0.006369571625985698
-0.023779308285131084
-0.047149717645962846
-0.04170909841721017
-0.09459314738787572
-0.0869075002530635
0.290886525039446
-0.01274159813293757
-0.05267581644920566
0.1785137104997748
0.08136164616762681
-0.056456796296091794
-0.016644335068972796
-0.015022755055354803
-0.0121644147163818
-0.022305498759393916
-0.026589240182827822
-0.26820646198090914
-0.024538647757991666
0.027634772030239785
0.18540682889806492
-0.2956434103017783
0.2058558889398338
0.00591491424288465
0.07783520232653657
-0.059811311696030656
-0.025702273977305762
0.25594312447358447
0.4453321488177565
-0.04578572281220067
0.14800850197021637
-0.05722831566639025
-0.11612765205756614
-0.04997724224677584
0.37705458691884364
-0.11505885413211464
0.7062477304770393
0.10202649304331013
0.12567169959897606
-0.05291976892527972
0.1382660364308138
-0.08841070616865662
0.20700211212948172
-0.030982417819823364
-0.01146843450088679
-0.012915659288107062
-0.011355941487228072
0.07821652674978502
-0.00737416762426157
-0.014075168579389868
-0.007116381266375871
-0.021167990171336193
-0.002120869108550416
-0.007795943321899479
-0.019575667861223223
-0.011710237298189263
-0.03534045926000917
0.12783316950608847
-0.010373613022626321
-0.004092806488170064
-0.015332705417098913
-0.010323049353586328
-0.013448698473440011
-0.019479353839298497
-0.005455683459911098
-0.004838237926275246
-0.003948976291100359
-0.007287361195850495
-0.009034759084575586
0.07275656305622319
-0.03624338510625054
0.23963695017120085
-0.034881355263586655
0.022573953660080776
-0.024989681862200325
-0.04757684838475131
-0.023882428095546804
-0.06160388973084504
-0.007155789899075574
-0.027199675539662405
-0.054226626505428116
-0.044299373364503736
-0.10100712262026518
0.05307275742095313
-0.04347551978966113
-0.013973352334874286
0.13822335132152258
-0.03610858932444813
-0.042374982378373394
-0.061902599959429705
-0.018913838489636625
-0.01659885532285507
-0.01369635238876557
-0.024598367064183224
-0.03029093374475106
0.41453175703377765
0.44523706066954283
0.06628464172302773
-0.09317689554548242
-0.1422411252098809
-0.06438883482185534
0.023436234490607666
-0.06967646099398983
0.11515967791693399
-0.019662288249293725
-0.06879093929494039
0.18328229228706416
-0.08723999171184232
-0.2239857638960428
-0.03031152190035724
0.08909225297255585
-0.0383840012513641
-0.11413615530409449
0.08267863157780939
-0.11271149762067673
0.24051180999558577
-0.04655626893841883
0.07497839506467241
-0.034935847843084136
0.09819320891432994
0.08475892837458049
-0.1501033841451006
-0.04245052356627518
-0.07433283028532578
-0.04304764756711574
0.051965523544611036
-0.03285888865203016
-0.05895430931380048
-0.03243713094928774
-0.07895690769009839
-0.010281786256797154
-0.0372884646032029
-0.06351001284217912
0.08113026656728417
-0.15909453776364857
0.39657978177942255
-0.04961151719523893
-0.018718363784077274
0.18273819884803472
-0.04234870288187603
-0.05556736364059245
0.07736542850256684
-0.029887719145660463
-0.03017594679379909
-0.019136394844003923
0.08342845712484295
-0.03901555925818406
0.1990131839314799
-0.11242683266929321
-0.1604443074247878
-0.1209217583478448
0.11881586472830608
-0.09094343880825795
-0.14185733428935543
-0.08249851612416377
1.1533682604871405
-0.03204529494616404
0.01874794343110496
-0.08399093958627957
-0.13902723203869685
-0.16590520184580845
0.24994668484497357
-0.13217180805102607
-0.053842806262066056
-0.037543479991807405
-0.10356514629128324
-0.13706842791843932
0.1858840000234901
-0.06960412606184307
-0.06518675074443853
-0.04873740199736182
-0.08204025582220212
-0.09361251390196086
-0.24880892664019955
0.02369984835697063
0.2686428830401362
0.06595360207849421
-0.23456902731322032
0.13985921069132012
0.0012627455337022309
0.08333167011650469
0.12403348306060447
-0.025433074913783438
-0.0854594055559601
0.10529585710263051
-0.11111332705047239
-0.10501420470449352
-0.17280436515224296
0.03994062062267417
-0.048303342797867355
0.3412735988980366
-0.10061592803255805
-0.12388223771739293
-0.1807769029650797
-0.060861786681990715
0.13707995730695222
-0.042017940445506274
-0.0798359833961383
-0.08008541902070515
-0.008075753529335927
-0.04339517627898169
-0.052029335987770875
-0.04990692709754885
-0.16368650477467017
-0.03905797770437955
-0.06344689512828089
-0.0294280488616058
-0.09118500410606056
-0.009847021906095932
-0.034106934960285246
-0.08353723035866212
0.6042737480238594
-0.1701742736709267
0.031329234458912614
0.09362888940085784
-0.0195904783271406
-0.07286909861673535
-0.04908377014063792
-0.06284192764382618
-0.08387002170646587
-0.025257810921804097
-0.024595786985983303
0.1604412948447748
-0.03924903744101185
-0.04271652605985847
-0.05884858367330967
-0.0219353998089703
-0.024209906500137823
-0.020427428364632183
0.039196241921667596
-0.013997972971899503
-0.027604671395083658
-0.013699688387043829
-0.04115024383411747
-0.004117281202739159
-0.014646569623701047
-0.03735237537519959
-0.02359014172854318
0.13692497482122473
-0.04919718811082847
-0.020029417704124197
-0.008032439039979938
-0.027826481238400536
0.16006419261831872
-0.02515576495662286
-0.03837315512494727
-0.010360652220480826
-0.009416839857463832
-0.00752909360556564
-0.014030677830239036
-0.01724340909426675
0.18111527107055564
0.12797793322330114
-0.09313164266671697
-0.06777304181290925
0.37823829110189
-0.052012117964824384
0.062419059129845744
-0.04281014088557966
-0.1182746918940903
-0.013759671622229741
-0.05072437334896257
-0.10445117093252282
-0.10275370464272315
-0.17990096996955734
0.3080320222804987
0.24609905191379486
-0.02656833280115878
0.0628008088488134
-0.062492565406547185
0.05864680657074395
0.07291167892218958
-0.03635662064524303
-0.03135165231483433
-0.026460360752418796
-0.05062584994072905
-0.05539050449173899
-0.133677501037319
-0.047401442046432596
-0.0576179322926211
-0.04478833687832681
0.19642921751782333
-0.031276811223596074
-0.0603167139997412
-0.03167435570598917
0.27541725407406464
-0.010199840342755229
-0.033239662622825406
-0.07370297261353534
-0.057258181373457395
0.26713666401379865
-0.12075577564347528
-0.04264131966107726
-0.018986699500330634
-0.0631302745887048
0.14230595763403342
-0.05303546910467059
0.3274319171934247
-0.026783194852926198
-0.02450304506869791
-0.017735382680251974
-0.030661704759983366
-0.037935128723896094
0.49771928648242847
-0.06691180987460002
0.23824130731871448
-0.06160842209999587
0.04921941379088901
-0.042751228608288394
-0.07936901719093005
0.09873257868308408
0.07629491112492509
-0.012875299963055753
-0.045195846640252196
-0.10394894373519206
-0.07246950852874467
0.27285325104551855
-0.13869919991335128
-0.05941540544939419
-0.024569668156233793
0.020893166333312396
0.20267769835582078
-0.003029973521646731
-0.11150933040582983
-0.03197002693424056
-0.02941658788673962
-0.02378475689915327
-0.043144770046623926
-0.05361484493123342
-0.18582258460878753
0.10069122746267922
-0.10318256010000804
0.05554046072776472
-0.23129174270366432
0.0903871000269349
-0.12405876342066546
-0.04910246551555772
-0.1274262086535758
0.10199478333290429
-0.05142112822778511
-0.10899908572209305
-0.0798365779466976
-0.04780122442175497
0.26591511184124716
-0.0778734248071396
0.4722191871854393
-0.10470085358293232
-0.07592368735068289
-0.08266348620343433
-0.14049914840340066
0.09916160737375139
-0.035491305306672355
-0.025406203265416927
-0.050674785638561405
-0.052295850787730025
-0.07180488542399732
-0.024971597519875155
-0.03203772022586868
-0.026229333494687757
0.09804162995131607
-0.016948918260810634
-0.03341451041426313
-0.01615072271821985
0.07286108238371287
-0.005041905906624455
-0.018039673088033087
-0.039402764709533356
-0.030241192337898126
0.05573804605574825
0.09464635784400033
-0.025056759093265935
-0.00974939856253959
-0.03607325760581438
-0.024590658015742728
-0.029961832223419027
0.06269277331359055
0.18973474578824084
-0.011951521358628425
-0.009285577630475217
-0.017013872752226267
-0.020364382427975836
-0.0623799252187265
-0.02140994341416458
-0.028379155028323333
-0.020321396160425206
-0.07679104416918486
-0.014479193442478111
-0.027485952128096514
-0.013903061373857828
-0.039198431426019975
-0.004256744524513745
-0.015373563559929693
-0.0328195023732058
-0.02735273252252679
0.11950388794910399
0.2399999841213155
-0.02146911658956782
-0.00807823880223657
-0.03290158689686351
-0.019666723637114636
-0.02470500924941088
-0.04104586936347826
-0.011660994983452966
-0.010993236184891286
-0.007878296397492213
-0.013947356655906379
-0.016855689173428556
0.1264472885040132
-0.01775829251472416
-0.023122215349591885
-0.018898958738400085
0.2924886580413079
-0.012891975698198888
-0.02244470389942188
-0.012058551418256402
-0.03674157762850727
-0.0037153776950240303
-0.013642672759613374
-0.03159005533126508
-0.02245027069577902
-0.055347791127822274
-0.04559624758913161
-0.01918781031298661
-0.007034289943998795
-0.02736256435975213
-0.017508339061528044
-0.02272036880690914
-0.03288080419783024
-0.009503266246832787
-0.008703496221805052
-0.0072327761388901735
-0.013071870620199932
-0.016725770537435958
-0.1052079270674532
-0.035975907414164066
-0.041107272846607784
-0.044203686843958395
-0.1226590741785864
-0.02853635812945776
-0.050525294377047336
0.14225223081204433
-0.0874672477684992
-0.00809796376471944
-0.02677267789869947
0.8482434308786477
-0.04629819148498754
-0.14167182854262336
-0.08611529347131652
-0.03808172718514498
-0.015698888063441257
-0.048503270533186926
-0.037676234735171094
0.08780312931378087
-0.06349695684759221
-0.018925316471534503
-0.01693717734309036
-0.015145104130657006
-0.031283822060230934
-0.034727663682809246
-0.119769416813158
-0.04083413121281437
-0.04918521122651692
-0.042460348287325825
-0.14077729964951768
-0.029051278726423768
-0.050174452524534785
-0.02796670910709506
0.5048715595121145
-0.008956768990399239
-0.03094877918242378
-0.07476335606303859
-0.048048509516324445
-0.11811582346123345
-0.0930185197402657
-0.04059968231594231
-0.016696775596304753
-0.05569262647981463
-0.04080078597416931
-0.05184102561350751
0.27803821846193594
-0.02222457380559595
-0.019926063728981456
-0.016803276395306654
-0.030084399684508156
0.48488788824863227
