-0.37715301403843304
-0.46400051576902557
0.3671053755163771
0.2962038533713234
0.3814874896274687
-0.2528995795119478
0.13119591444514048
-0.2414312240699243
-0.2599860897161087
0.36803543010313694
0.348840638614612
0.21670628272366543
0.1964999056702701
0.17755441306060815
0.34720568616027914
0.08243319130569049
-0.43913156026936534
-0.015914557880232022
-0.07055425705460155
0.2089325761555584
0.18473899658516724
0.14137258110543915
-0.07673070818539726
0.23623366334545715
-0.32567867110781196
0.0064517323563088695
0.16432303030063694
0.27212068222608415
0.32735881127446564
0.23938758687479145
0.127253631689252
-0.1226901218318514
-0.5936055543255175
0.285392157431994
0.10757277903618052
0.23312684921880672
0.38133159118554105
-0.03136305030687875
0.11369378265616803
0.026834983949357988
-0.5083460570018243
0.21275402629795742
0.30335988707095657
0.16140877580396443
0.13844598630998045
0.10636328134120976
0.036120454766532195
-0.029507730463142173
-0.29951308480365246
-0.1809063672938172
0.22870943376151961
0.17492027968623197
0.04074084439178963
0.07068524438618526
0.2038107298664314
0.09379534065170947
0.3707580118283139
-0.29958951723303495
-0.04196147262197092
-0.05478913825769466
0.21180896566607701
0.46920598590486673
0.4693069678674807
0.27435263762938866
0.8164636092662612
-0.19971652102430115
-0.2026462710485087
0.4055346011442459
0.5556433352173941
0.5621710941208065
0.7780360939225044
-0.028378291672309736
0.7982057760244494
0.0693375122688614
0.059255924817731565
-0.014063061021605025
0.42232241922026353
0.7011534960623607
0.4839507460812551
0.3840464857569166
0.26346766577681535
0.13590438727393472
-0.16390699576689433
-0.252114050911481
0.22177018636498919
0.21611998780466707
0.3017003968283232
0.7916452155278624
0.08598391596744742
-0.027068326140794352
-0.19545884472324024
-0.30995217800408226
-0.012283697790953202
-0.08452918914171381
0.14377587302027875
0.6762826745533268
-0.03758733173062545
-0.24556301512103307
-0.09218319079402101
-0.4988475293263578
-0.11805668772735539
-0.3184624606825498
0.26638902345617776
0.5843004550740116
0.4671569929379668
-0.12403238196149766
0.07325160853223942
-0.5546722084343048
-0.2650630738374531
-0.47374250275594176
0.14946005288444691
0.4714507737755649
0.2270300202570269
-0.33092852521059796
-0.012606940137826705
-0.28007959282824507
-0.7922778689931506
-0.136695913813358
-0.6683434671013676
-0.039173937010920146
-0.22642089362518178
0.20815120671385404
-0.3905132347836924
-0.6243632261369736
-0.7178853342628027
-0.48727446708852684
0.005077956832785835
0.3205479480799559
0.2829180631795612
0.14267968493802585
-0.3645444408061509
-0.559650450818667
-0.6276082886102398
-1.047087930684521
-0.7808827639873073
-0.6618648520634876
-0.14035878890964004
-0.13630353170860612
-0.5443894699902718
-0.11046202112171088
-0.48589328054549497
-0.46361151596490446
-0.44980269213808266
-0.42137913260253745
-0.05267626500683868
-0.21551455965876648
-0.2937800417616874
-0.3394681142510896
-0.17848167507060494
-0.17459290487214593
-0.7496938803330158
-0.1766286247974968
0.061136568296183025
-0.19793155797878892
-0.37880500818745444
-0.3349607950373909
-0.46473105173239815
-0.10424250840267754
-0.14492679322732238
-0.29075587435245154
-0.05969836722965105
-0.16962716861564076
-0.25409654415032934
-0.11166845229198433
-0.14611790321364254
-0.8048459457254237
-0.5072755042362495
-0.29268438681370534
0.1690089965405333
-0.29401962775430024
-0.3707757402458558
-0.3119145383472265
-0.5022887748494549
0.1015034712708788
-0.44671470640682504
-0.7920651140977026
-0.3043742521319449
-0.0419443902074742
0.04807797213748716
-0.10265957472217288
0.001787905550681354
-0.11358818259667858
-0.2469135183186808
-1.2387215169265111
-0.17351024094748146
-0.09250377679625987
0.11555891514966812
0.06759927172287539
-0.1907875474682148
-0.03295510162979681
-0.23076647538578177
-0.3374447198236368
-0.30397878264413175
-0.12412943417103633
-0.020334102354311615
0.32197353955646624
-0.04444615020301035
0.016018548249687403
0.06710750746639182
0.6675452833981391
-0.3404040702334712
0.16343209231785705
0.13285048514848408
0.1459666072721571
0.2323294362030126
0.0014192289306793338
0.12271107075017462
1.0116400042131934
-0.11299584422669609
0.3536611260645456
0.34713514884970276
0.1344222838969015
-0.2558712248095152
0.029406717837804575
0.5274182677380882
0.9392159888913527
-0.19223073422694748
0.3793072048677139
0.38249819765116555
0.4037237352548688
0.19443171859383007
0.4870477371447486
0.759985908118846
0.8286888929144036
0.1233263357891704
0.34376304242240574
0.398285380713416
0.7063085784303267
0.2033660876109959
0.4191442205373394
0.450202504577721
0.551355907981635
0.3303140677745502
0.49627161596504843
0.7645357397938992
0.2926536295860527
0.47778624116737595
0.4098600403628197
0.5344018712208659
0.4202903682151783
0.5909800504118125
0.4177649242458954
0.6493550977331165
0.44334203966414065
0.6975878558769162
0.3187270840590293
0.34421524465068615
0.08935458723894875
0.5326916564032007
0.847100206365663
0.7077257004207245
0.8598912389253068
0.7107284539126792
0.35409278961118146
0.18566350433136547
-0.4286736992299587
-0.4471429066809479
-0.18885382655030325
-0.49626329533975894
0.10456624396538777
0.40369661019302094
0.078976023373869
0.4947219977541269
-0.3441241775888515
-0.5845032250681241
-0.07780298687961018
0.11174805243896155
-0.03683269598851936
-0.028485257491882632
0.30402946055196806
0.06783978688777642
-0.18299690171042576
-0.5835203687965187
-0.638285309645485
0.05035543114121747
0.30814912056120664
0.08508375201431001
0.34950430014983436
-0.021498929395403543
-0.008583973187816576
-0.6155261197793909
-0.21169514710559267
0.1782429730520097
0.061817445734857396
0.35391107769352803
-0.07150175359462385
-0.046966027266163
-0.16730181345413486
-0.4800534664356977
-0.384521761463115
0.10253521698878747
0.43716667556084515
0.10860192835153959
0.12810366166497653
-0.2385724276787241
0.2469333385804111
-0.5978833361852585
-0.10088100046834114
-0.07017095619843505
0.3045001356927475
0.01705482006150602
-0.039766683929379265
-0.2430873342402216
0.21503116642522957
-0.008906184583617072
-0.37360567475293605
-0.06719808467261201
-0.2282436194679231
-0.5496449852523742
-0.357873635433941
-0.4416254502137684
-0.6146329599189868
1.0664078377758903
-0.1368785153683863
-0.8414867740583044
-1.3755694257357736
-0.2801872365250472
-0.5884130262219285
-0.004549546579446007
-1.4046961497449955
1.6245418408741994
0.12485747436048338
-1.6237821672583044
-1.358745178518678
-1.5128471548252789
-1.0310832519929216
-0.6279581583241765
-0.30173982827658175
2.2040080742076653
0.9444247858946317
0.011691230592966007
-0.8040517243837948
-0.7913182490409335
-0.5071409656037905
0.015574239725479389
-0.25648590043807495
0.7464701579125368
0.12417000241562995
0.11307116533753275
0.15944729913777597
0.16160016927631976
-0.1654218081260626
-0.03036296998515986
0.18317715809702365
0.014344049799550396
-0.2515813636247483
0.2822283598812497
0.2384772927093191
0.22110212892962078
-0.03939392776051151
-0.21648777081287407
-0.28154769311626004
-0.3507957008817457
0.04028363379158734
0.3860183190103839
0.2553397500043827
0.10931388358933414
0.4293078150423197
-0.21507809638593556
-0.1957545951800142
-0.3729503832149721
0.08561355631592421
0.010586516570480847
0.5162828679865414
0.27034382745020247
0.2425633410617824
-0.04966765256440164
0.04517531054530133
-0.21924102834979214
0.19117252782484873
0.14724277399594443
0.4245988151413673
0.43984386606624565
0.26923375691025864
0.24228732415769105
-0.3642932486184469
-0.304404556072246
-0.23383297154792415
0.1662095618056917
0.37378761541632366
0.6209511699019029
0.8885093244345598
0.7700383209892597
-0.29822200015970024
-0.45295842093252736
-0.22250655637525996
-0.6827714424594475
-0.6309386064322836
-0.41296185623274634
-0.3284726806635428
-0.5121650946977985
-0.3160655456376146
-0.26393902077651876
-0.33279873723668135
-0.16695956679996532
-0.22970166078734028
-0.5214350150616278
-0.06375288997126538
-0.5915484590847552
-0.17682164260023475
0.19459355303983283
-0.1738753906647305
0.1833261849430084
-0.03145883872156979
-0.045101921032553505
-0.4385306702830295
-0.36251722045095225
-0.5031268241476121
-0.6371502794174826
-0.32610999894038817
-0.4748751489954426
-0.111427093790953
-0.1931528959556439
-0.22891813202798417
-0.2907379223231209
-0.45662603174366156
-0.3946730699197615
-0.5204897791191192
-0.5034082208459514
-0.40248848793119696
-0.20655871195720155
-0.05281688604099316
-0.29099299908956383
-0.3552686915786927
-0.8585274376546903
-0.18721259536304657
-0.18697154793660203
-0.13943083390626826
-0.26587498972437584
0.17012698452884906
0.16979857238917737
0.09097017935600893
-0.9131316985753563
-0.41116637890385715
-0.3330787755813207
-0.01849494053197598
0.16765110297384167
-0.021625599878066226
0.5173542017391145
0.2444442234183803
-0.917236738965591
-0.29745362544855736
-0.4695288302858407
-0.06690644252246827
0.18997570801996877
0.2907769848210836
-0.020453269819433684
0.3457097985662631
-0.30244299108642103
-0.07514855901568529
0.23081136124161905
0.061648362242205434
0.13937015777804412
0.4190834706121108
-0.13984593317028784
0.506083029728589
-0.03812229101814468
0.08742475241428871
0.15026629374873593
0.035937046900350156
0.29748251892810573
0.18372652883046645
0.3958879729373823
0.2856017154714898
0.3350116835328
0.07009152725608975
-0.06897849984589416
0.061985761111494786
0.6366443029288913
0.2963874857009342
0.48014551741130657
0.17512076437517565
0.5130491387771245
0.4452344716632564
0.30500097003382454
0.21518136420716408
0.4453527023505351
0.7260059475285813
0.47459685685929753
0.05251856234025526
0.49487208483160094
0.5714427525663847
0.2698648582512572
0.3694798947249646
0.28554714603665043
0.29643467467844875
0.45335941034611793
0.6180028858054202
0.5281735331089592
0.4848985643802273
0.5230813823849303
0.18456194614617594
0.33982744824727834
0.6923599718821705
0.388814081515567
0.4912270516866703
0.2650857539829503
0.4901107412534905
0.4495955495281904
0.4054797102661287
0.4119225730847998
0.26850666484444896
0.504702956161668
0.5190924210954568
0.3861318619647483
0.449323013561743
0.8331947475341327
0.8464728222974967
0.5041209203933603
-0.09015992654434514
0.29296826377887286
0.706813509151928
-0.5553617656871894
-0.29233257231314713
-0.06836410450209751
0.21158344497184034
-0.1718158000926269
0.05057649438429196
0.5726635739181528
0.22367044203380765
-0.37363310997161875
-0.07933486303105658
-0.17789586426126902
0.40878843225020023
0.23130973999891286
-0.019776456993227387
-0.0533596098486383
0.010594460921403814
-0.2505308980516442
0.15440436056180912
-0.045570031940576065
0.10454104607475823
0.25232910811596665
0.031075558463186492
0.33003935610273594
0.07007185088765566
-0.30789756206974933
0.1442794702163905
0.3500520689755803
0.18168648478982896
0.18304487765168304
0.3017726075596702
-0.06978936082970616
0.21099563050737485
-0.31845733625771155
0.3776362814334229
0.07620723411968741
0.39339050473460246
0.3186456246129017
0.1915280382456589
0.1412700894099577
0.5522338134067589
0.33860322835964074
0.3537330466844181
0.3944267041863993
0.11741840326842734
0.11779246342973859
0.14141901534236662
0.20841717495868994
0.3012281166776779
0.47690707042840924
0.6036973367249543
0.3205510091162282
0.33019186019818225
0.1856492919616926
0.11946644268125559
0.004418694903578019
0.5143825688530228
1.0020829900089232
0.5954321278115099
0.35431514123247615
-0.0645999904696824
0.19353653797578735
0.2563401296122959
0.2939299932149066
-0.4183620958563458
1.1733328771943117
0.7773187652959928
0.3652663416710962
0.019363115143981192
0.00394620972684373
-0.17416850519301214
-0.4850243612536924
-0.7915687299820872
0.8100958047879234
0.46060421035470267
0.2840220787120926
-0.26992551892865846
-0.46938778095842204
-0.6508409368276272
-0.5602205373744242
-0.3670574688535617
0.40222327458824547
0.20438974330944798
0.18857739983819485
-0.04541218580947037
0.04075591765346584
-0.22350280375074977
-0.16280622005639944
-0.06656134296683894
-0.4074354383410142
-0.19712868633442165
0.07466749551702151
0.2961170143236515
0.022550508727392282
-0.007918434927416285
-0.16295913362225656
-0.24688898377382074
-0.3530389046797059
-0.009177171923667904
-0.03821832624001936
0.14880274361458334
0.2115781301651854
0.10645213530107062
-0.15493753620031003
-0.03432687085730829
-0.537265744873396
-0.05779702254522873
-0.09220949668763656
0.15143306044565225
0.5114078956409
0.09738400900735028
0.0742609575826299
-0.02681169404360967
-0.2203232227998938
0.17478256607011144
0.2204349453470787
0.24054594479951397
-0.16537608310077326
0.38946411825075716
0.11531988492487291
-0.1819102762446702
-0.3888140841881651
-0.42635026720872127
-0.165179869999552
0.2945090221896056
0.4155176884120841
0.2678554582293978
0.2781926284001151
0.8036787111569718
-0.38105424925929465
0.20501120904449505
0.4018522446336166
0.5249055675879111
1.1821261801263887
1.104404023169054
0.9172725088691098
0.709858891116184
0.15369956128864753
0.04284007120808156
0.48851873126295964
0.1582813668425228
0.5645257488284772
0.7547973560868315
0.8663002537260085
1.083525500002824
0.19821270594805648
-0.025467026230026057
0.2116139067609103
0.4194475061106337
0.4105246667430445
0.4364260993591591
0.8820155914298112
0.4391046869653258
0.07441555032197597
0.039343973892047135
0.043144813713978214
0.523002913971589
0.295036196712242
0.37948690910538274
0.6300695158849481
0.5787930322134273
-0.3969970853715966
-0.1422996657465186
0.10494048353757536
0.2603702214638871
0.08095445619623165
-0.17446903450970946
0.14336973533904307
0.1970869356094264
0.1816344113165747
0.2722597391689532
0.012910852014686142
-0.30142427549047246
-0.336086329752587
-1.0919366467019715
-0.5305320744119142
0.18054455755321888
0.02154480938330533
0.09511473361888825
0.11155974709759214
-0.1003488980438425
-0.2953155276095321
-0.5694326901004927
-0.6380251444199587
-0.28638527961262594
-0.05533123871574186
0.38107229452411956
0.3618681615165829
0.5961670705126821
0.15143327392319922
0.12550709327749432
-0.4475536371839435
-0.463354370048084
0.6712230533913053
0.5622174376871869
0.41196963290529487
0.1920150930970273
0.2797921358102209
0.0882886936701619
-0.0968342293767136
-0.5721969761470271
0.1693196883184645
0.5036635154352761
0.07298748763795815
0.4083633670003699
0.28052816762592636
0.07592025225055457
-0.6130401823040832
-0.9977168409526321
-0.3362872540024804
0.2933822748359447
0.41150884570829743
0.053127732106594355
0.2630364487837086
0.16195910986010847
-0.37837923882012897
-0.9045118797012413
-0.10930169508064888
-0.08932287955342222
0.11190111104560274
0.2706474433506516
-0.13027936853721409
-0.1335896189892734
-0.3853513776826375
-0.5568666057545826
-0.9360856794605403
-0.22748256092164415
-0.5452579307703872
-0.09152743350887144
0.21086814558883338
-0.2884611904038492
-0.7346358000045508
-0.5287000379009794
-0.2814707215239407
-0.89783470215738
-0.4622771602449979
0.08307111306418119
-0.02842487155991069
-0.536136024948817
-0.48140165466241047
-0.587358313765726
-0.5605039980348234
-0.2808393649796634
-0.6820724743869921
-0.2583411821178956
-0.3623822645242196
-0.08264433818107353
-0.18020575044168635
-0.6531686238376064
-1.076256779827942
-1.038394929754583
-0.4537257052510548
-0.6855569463604186
-0.49855500099171496
-0.5997624335224782
-0.36252179601655
-0.5005125991642548
-0.379610059458939
-0.11686572131765907
0.27040713127857624
0.30925984138634216
0.5387193744258185
0.3304895671739807
0.26963346483588213
0.3183739546560137
0.23848205385892085
0.40793545027858213
0.4403345149647326
0.3307317723982092
0.21075072424392902
0.09556722023181952
0.20152174643688128
0.5721757048339802
-0.015709496956289315
0.2939312687626612
0.4196516101002966
0.3207661527693083
0.3082145960385536
0.2366093201106177
0.1670012006917601
0.09479873855420218
0.5017100757096213
0.2535318979979846
0.47075949010507845
0.6134550581125814
0.16339427749446814
0.17180662031447014
0.14510454715665966
0.049104145712207364
0.25230022938882524
0.4079157383643416
0.4321234996496014
0.36971040896572027
0.5760777321509494
0.551258593216796
0.03246424247459018
0.07840287307574542
-0.17683525798072794
0.19214804794587564
0.4019205297409526
0.20511671026266148
0.34350216858862714
0.4473028628447494
0.4720902370840496
0.18762079786053495
-0.04199696966689208
0.1662278979595625
-0.17094750088422916
-0.02260641089110671
0.08681030719306787
0.2520144640094317
0.4990907029858208
0.34052638630721443
-0.9143863922870227
-0.23323392462098813
-0.3632237179003271
0.011668185755393912
-0.08676247217951612
-0.03677527196595516
0.20388433590543803
0.10629184631436805
-0.4687357275054433
-0.831494547523972
0.2792914879122232
-0.5923967090594735
0.06661520313765976
0.3942199564045222
0.3284813193322403
0.33411783335074685
-0.25689697731219485
-0.6614861621122619
-0.2677060971634263
0.22962444838446272
0.12034882099475624
0.4464146585302593
0.3848648877284203
0.5253757492728849
0.19070905219263035
-0.306927212176639
-0.30247937191633134
-0.4336334125505604
0.13158847232012671
-0.048463667932343135
0.39524120172317845
0.4288655599983319
0.1105504296027146
0.0006195911509740137
-0.3231373680028622
0.037517961325413685
-0.3021070077180153
0.16264841056558127
0.2229928651036114
0.3828253669421713
0.04613785844027932
0.060518409411471075
0.028713174159760713
0.11203359299034965
0.033538153100739765
-0.08984971810768827
-0.17996562920073078
0.24104023417499532
0.07045075999314371
-0.013990942364317582
-0.030050522051867867
0.08033935106360751
0.0955589093134197
-0.2127584451825335
0.212539009943237
0.24968019019795668
-0.0771158585311072
0.24207168827021797
-0.006350371426051493
0.18250203105717075
0.09416271458225016
-0.282402723892299
-0.1975573289208742
-0.026543127861851756
0.005625283399906589
0.0359246702961416
0.13396848000080125
0.5190875338049832
0.2537728960398191
-0.2173426192984947
-0.09793886660311957
-0.0350571127821766
0.025847825427119858
0.238619168418997
-0.19889173711744046
0.00024786600967513506
-0.21090723725676103
-0.6104937165603049
-0.3369300907422832
0.37799137868800764
-0.09258577488562308
-0.12490102942794373
0.1054527646203362
-0.11080115272816288
-0.3712209329300458
0.10229475279938324
-0.6284146125999501
-0.38075741182984596
-0.09399738613839004
0.16486673159940224
-0.5080530757818834
0.01675416415796066
-0.6224343174050653
-0.2917098622726598
-0.23739890414214265
-0.051377228820069676
0.2377374894339694
-0.6020845899964274
-0.3826104737633591
-0.5012234913002238
-0.4641356703995787
-0.12211724579398434
-0.5501255512546875
0.05108749129324999
0.309508423042255
-0.1926411126393654
-0.4055797663018264
-0.7132434923391978
-0.7172630593374772
-0.7625980253088176
-0.7295062023831038
-0.35244319289718506
-0.31634201077241675
-0.17892124429826767
-0.16234774785905026
-0.46524279546710146
-0.351902576274536
-0.4626821470736544
-0.4382132724917335
-0.7056929601497599
-0.20973461641778773
-0.051491447801211454
-0.08308099947590136
-0.009754905322995056
-0.5145596596125086
-0.544028285513842
-0.250198051904459
-0.4693230099959291
0.4796196150891873
-0.043252286802595574
0.07813845486949456
-0.018380145922068408
0.13121281540488328
-0.1581057227512574
0.23547065856234062
-0.08096538427849216
-0.11652951416520596
0.09679373383983897
0.1185025903690024
0.3543332352744788
-0.010034102898270392
-0.16249761163582876
0.519922578605049
0.08823468331843826
-0.17037155649442426
0.2513710474762826
0.5221393550779652
0.05058295448081468
0.16046714966529027
-0.16272117029390903
0.17552624826602678
0.24181504257398492
-0.22339588222260573
0.32566510350431255
0.5516629209746895
0.11176349940803285
0.2927465933474646
0.30579625287550416
0.6471856016861549
0.44975890914474037
0.09200865304423411
0.7087287883299878
0.4914733873178368
0.42053363622999396
0.3173069251283286
0.2068546513906202
0.5099788949379318
0.6874109289468094
0.053119839761299026
0.5046371254237505
0.5273029855218024
0.24251650134664848
0.1587976009549832
0.05462393818942629
0.6486157089462672
0.6828705174531643
0.7125142375857714
0.5804142887928577
0.5964171812194251
0.36733217954695085
-0.36512842292826964
0.24098720830129855
0.5239825085156607
0.6939722229312564
0.5621134013455263
0.23247399655150164
0.42632876623469745
0.19748312104891055
-0.8419185932929353
0.3127404635173896
0.6449687269462603
0.5815879439575047
0.28421480434918167
0.8157402508571272
0.5172058793399534
-0.9366268312107149
-1.614976863733474
1.165442407700271
0.7355662581546832
0.8130688851020337
0.479139604634739
1.0547175974393193
1.1262455877297777
0.4770386358061913
0.4138228887428663
0.6277292364601876
0.500462468172478
0.3420386974228807
0.1854856195742004
-0.08179625484058128
0.23235735215076192
0.201711437246948
0.4150744254888701
0.16025011746776335
0.17555304855195192
-0.2008081976865677
-0.22581709380908693
-0.174829377927043
-0.47427119248245053
-0.39127636715981473
0.14543677502818803
-0.11097536217764584
-0.3080535307491019
-0.3054850860871451
-0.6382902312320272
-0.8163991580844195
-1.0451240082600526
-1.071332596279398
-0.9461200690534701
-1.020389848948558
-0.8311603002524899
-0.38756109753792595
-0.5503538303341727
-1.0884764915791176
-0.907783240256439
-0.508665427538163
-0.56462288686566
-0.3883928536310103
-0.23112891682739156
0.16829584399890496
-1.6609896655812637
-1.413629545332466
-0.2119131769383107
0.22996716723002353
-0.03655456746736942
-0.49823688666639815
-0.3432362557635005
-0.45646088236321164
-0.30541435467442
-0.09856497966937158
-0.12508319651936606
-0.25294403280213307
-0.11647912837091001
-0.13223233039836435
-1.0055146686062078
-0.9504784877484933
0.012500384959810151
0.11846401020268238
-0.2239419871617725
0.02455431672485403
0.13731306631216103
-0.23964782702382065
-0.3403139155051943
-0.8426782165247302
-0.3496296742525209
-0.5953089699416979
0.06011839191607786
0.15612671159713903
0.0071305423710198435
-0.28963399792609135
-0.22297898071647257
0.15108977831373333
-0.48938517033246076
-0.2072426014017546
-0.11908552193549957
-0.09468501518386364
0.34664948567461923
0.20234858372739656
-0.17058029916720344
-0.2516824710913666
0.08510180680868185
0.10259530222635524
0.25445578637530464
0.37606964471219423
0.24019967335231285
-0.05023353911460682
-0.45263842264947474
-0.24719749305097566
0.060358754520273394
0.4017316305978026
0.1168199991814925
0.3435688888878937
0.31628837677208826
0.09721032982887995
-0.1429015673932379
-0.007533731080170414
0.2388770492683855
0.23263164717347667
0.3695446074274834
0.7274216818231753
0.4503638868687888
0.18472551869605247
0.6048029840514567
-0.04721912523478963
0.05486192318861571
0.3510270821151098
0.3884125740379479
0.38126360697318235
0.46036092923334615
0.34589493691608025
-0.08866660029904465
0.23284476296218776
-0.006935733906032249
-0.03388111117735469
0.11210675818501423
0.3888146575669663
0.5892727240164738
0.5349494979728339
0.21064748740449324
0.49633730450132035
0.46265918117898974
-0.02879224654112693
0.2565142273234088
0.09143116989758515
0.6677234696902372
0.11082795956957144
0.3081370014696427
0.6041615281849695
0.02764101842058464
-0.07707872696053164
0.14849903169569584
0.21284297140196656
-0.18947480972959163
-0.12031410791167052
-0.13038416347786355
0.17673633398859206
-0.08985586101330281
-0.30585759859212536
-0.20132906876856504
-0.5045219189980142
-0.3078987144534704
-0.30134344201380736
-0.41281249368063766
-0.14304204885561872
-0.5334599768450409
-0.6133721410602644
-0.4832894008600698
-0.5637495079147662
-0.35603223869083395
-0.6690202481344026
-0.52283881971426
-0.24921678745740716
-0.28193794598386124
-0.27001963833295395
-0.29675525761215976
-0.1770846265111885
-0.47112229383566256
-0.022340243492685163
0.32767178793533414
-0.08608394825164445
-0.30325036636794417
-0.23249426944585105
-0.2789011029063926
0.1801365476987717
0.04075627304936161
0.247725949703076
-0.14595132992762816
-0.486121043861939
-0.2511934314652545
-0.22764546806937783
-0.23545006754822698
-0.07983465023998476
0.07961493186719601
-0.1837775944360815
-0.17878711740562941
-0.05552880797397637
-0.5502903140713742
-0.5005275006491303
-0.26304542179394896
0.2910512183238866
0.12126027687769186
0.07877003928496717
-0.1680957582000532
0.09388510399831027
-0.6358736314865043
-0.48575217665954107
-0.5211272340309329
-0.19346580038643602
0.12494090377380926
0.09747188387790236
0.054760107425455284
-0.024000949073949153
-0.4868359749260657
-0.5234849088046809
-0.7584545709688757
-0.15861203878569896
0.10121313088114464
0.14519240708929693
0.23499641146044048
0.0427277090827608
-0.5800314234600312
-0.5358968254270847
-0.5986923015557557
-0.0451020063367204
0.024134972299553525
0.058831315273260854
0.27214575622538406
0.303477873242626
-0.04427464539104231
-0.11913134338739775
-0.29583970390271663
-0.32442559152483874
-0.08043939839294156
0.07539635322380678
-0.018545414623349812
0.28479843058068277
0.3879086602173991
-0.07771321858376434
-0.2380942298585087
-0.2756389359159817
-0.0450021877364081
0.288462729835688
0.2486003793339434
0.5863025720663324
-0.027090944354603547
0.1318956551967867
0.25317625130199556
-0.37068580368153825
0.07909857029335154
0.3415678012090808
0.4284677242993562
0.34873437989740796
0.24297472829429875
0.1465399149031856
0.10519001669538727
-0.02237245767048729
-0.14740828969671327
-0.062028505061455796
0.24554863772808666
0.32816916482898845
0.12248855653945932
0.2147034547166659
0.46505698207219914
0.7679919880482082
0.8627857342823234
0.32446339348644543
0.5311369401984634
0.34601515734026866
0.0545923260898582
0.05866312361538223
0.7186828918207264
0.9973899579512613
0.9102655858011789
0.5450940955099874
0.3793436876903481
-0.0328434838775056
0.14581838107514694
0.1624997781472179
0.0672661846900367
-0.13584447646808195
-0.5259462213226896
-0.7801144088478491
-0.6115362196897074
-1.068309370319969
-0.2524844656049103
-0.1430814818425571
-0.2514630200533427
-0.2639330161094692
-0.14463428512791926
-0.8169475690833313
-0.5508967426309701
-0.4212814660641856
0.39842409904293735
-0.23988680960790437
-0.27432028142304
-0.21348990145641628
-0.7219621943250691
-0.46694051725064933
-0.07943582188946058
-0.43670880916367194
0.05315863265953377
-0.16067533699602338
-0.11181786311004793
-0.49345286593295534
-0.21140791187946675
0.03752492892573711
-0.34502827119966506
-0.7403672626015722
0.4368656474161384
-0.11809645203127753
-0.6140886405077484
-0.242944415380473
0.036189417847637545
-0.1720004412252762
-0.3689044945878238
-0.942885470742095
-0.0003573896409145398
0.03785610366612735
-0.06597858104800146
-0.13793336929905226
-0.3617975566525775
-0.06630400032117187
-0.17167307435934354
-0.18363511246020453
0.05082783833357291
0.12819732073021312
0.35874929254686727
0.13799982674673056
0.014413570062590864
0.0769272456779238
0.0560216865353107
-0.26137608293855774
0.20282111035635086
0.31196997616740946
0.29168462890713404
0.1319486698157346
-0.3159219145142807
-0.1807018574279451
0.0362608228536313
-0.22275447653760452
-0.046420531818964716
0.3909874834831718
0.7364676329817758
0.09882425367020159
0.13706839765531204
-0.03607744152762171
-0.1013348195044382
-0.7446841634890415
0.13268826396507713
0.6592504094025422
0.531873678673479
0.29844084077615546
0.1106963200470413
-0.040921960550264036
-0.11199923897316855
-0.8099168345617918
0.3304061074539507
0.3649995207378182
0.4041160459482976
0.3891935285522364
0.14931203129756568
0.30203874816969417
-0.14987655931120042
-0.5268573524308107
-0.2110960897642219
0.6532162612263956
0.56608537849808
0.37908692204285993
0.4593176974989574
0.12223199724604715
-0.052667539917044204
-0.39013916948268007
0.7364331848172745
0.157039010234372
0.38277316214665147
0.3808150789492993
0.11924819157883143
0.06480339784206085
0.15141583688049132
0.17162683669328663
0.25174018946473165
0.6215348294857592
0.21292443821643142
0.16308642256238906
0.5448351853048745
0.3805282377132382
-0.009641597135640306
0.2619710986569565
1.195974786452159
0.06575077795601464
0.10950109601016123
0.462020881591813
0.2058205721548514
0.18321738914777408
0.4288773241912835
0.408312713290572
0.4627269710208606
0.8974124994951916
0.2584515079646705
-0.36432709568913113
-0.5430813005583427
0.25945559037848415
-0.10321469180333903
0.2833096175656038
0.9925833069206474
0.28509664089343645
0.6680778049981991
-0.11706513202854268
-0.10187352690751694
0.00895020714719448
-0.5594886676196935
-0.11482730617569908
0.14657074575909512
0.05264658789354826
-0.11804739297089206
0.24004870849047455
0.2540000598092953
0.10209748278876515
0.18732244760340072
-0.18726339673622477
0.18701490855096586
-0.06871307421381609
0.35157592066354726
0.16534864554261514
0.3061137708451778
-0.15886212093504626
-0.1511066916969286
-0.31646761144716684
-0.022908732155302133
-0.06842465366709105
0.06712798671489105
0.5246072086745528
0.21265831737974017
-0.1541649442402116
-0.14453192436278012
-0.4904870836194164
0.03196898257708322
-0.060755380245304025
0.0005239163850118689
0.09205568687394632
0.03157088557848156
-0.2276830575928488
0.08715971668665046
-1.1095216884073213
0.1463211554509517
-0.05287316045682966
-0.005757581736231386
0.4822623154988069
0.3480910342087804
-0.14424145774539193
-0.12748414646974313
-1.414757003348532
-0.829500675766199
-0.2523174469505336
-0.030600412229841167
0.027224263522910297
0.27515155745337044
-0.1286063379825957
-0.8678727238743912
-1.1472030168193723
-0.1650392808142122
0.043221171610799
-0.3270862085298627
0.07209504389363924
0.27954955203898935
-0.8543773451180808
-0.9540721069234095
-0.6049601223325547
-0.09523517622388378
-0.16925468386694087
-0.19325888120567436
0.29084140729843366
0.0434972665661051
-0.7664061807783077
-0.7711319278954264
-0.782880360077486
-0.09008077422423652
-0.3621713357337663
-0.2651300840173912
0.0328261674283265
0.020853375882804448
-0.2314929024702192
-0.9741766601003484
0.013804981987413062
-0.2501042281631326
-0.7171247227143287
-0.4043594713356442
0.19164159576800585
0.15292837680337648
-0.5046210374066185
-0.5690411424176316
-0.09577296286918727
0.4455424715628671
0.17348550059835896
0.20787453293017244
0.3088931792001551
-0.06178134207390096
-0.22818462347320928
-0.6364702103344062
-0.11995996823274041
0.47203612116675264
0.23658888394893984
0.2735475178674839
0.5033120429053248
0.39792967025741005
0.0765285264861588
0.016476740673503076
-0.7482256048775553
0.2155375566859839
0.06435233400221146
-0.230951373547489
0.2780661993514363
0.3186972928367213
-0.2176535785058485
-0.16920227242361008
-0.24334957730699255
0.479378752183874
-0.14116002309087317
0.5321387979944224
0.16236057035147317
0.184445385059342
0.43757373923777815
-0.08601998544409112
-0.08029409822345288
0.22471115750475001
0.5683794295989137
0.1865011875765049
0.026529498603516624
0.6934817048199313
0.3410690115361869
0.4722213152127822
-0.007223816686083878
-0.20345946069098947
-0.24521821845498867
-0.10717462861986538
-0.1330959624757585
-0.36108282720794316
-0.2815522814804018
-0.32430249901045116
-0.2024777170513239
-0.09006103467042287
-0.26597098593721813
-0.2754180275285185
-0.15034520822719583
-0.3480439667160474
-0.5125608874230398
-0.3614016381363071
-0.21982601903814558
-0.2217241654645034
0.3177712285382252
0.04672502918739291
-0.2322621076035638
-0.234735728929356
-0.33716985595294047
-0.22232746186903946
0.13295650333414394
0.12402513627327166
-0.11669653758845056
0.04419762657763457
-0.2292518132351632
-0.18307092900238064
-0.15762903132738676
0.35717910770376576
0.17338856320384444
0.2681852315470803
0.37234654397703126
0.23267233889455968
-0.19727661074544922
-0.050984488311685866
0.09043451911812544
0.18681654692878125
0.0925332984758625
0.2634742393712559
0.3822755797683369
0.24869763832285124
-0.0025347437653572558
0.30985759494595705
0.08616986282359801
0.6777916416662341
0.11864531103215176
0.7337625252019848
0.3586734537325099
0.3824837386970694
0.1441731998761151
0.20522741733680927
0.6000643422180625
0.46302836460366414
0.5260632714947826
0.19832587469894286
0.25737770496067713
0.7876947907769878
0.3909388413645255
0.5224753258307312
0.5614604614956287
0.7951988506304146
0.7535492641997941
0.09001529976851794
0.2556215439544095
-0.1562705508766146
0.6378036793606338
0.6104472898415338
0.17900436440211426
0.4291183508874836
0.4184864411966241
0.4038503485056253
-0.20117187942253476
-0.7151984698122412
-0.0838490633862749
0.2320781545554334
-0.5374551300236667
-0.5809085367056346
0.3031025138696623
0.29288513926454196
-0.5342844148837101
-0.9121018998801118
-0.20695073820522547
-0.24774771599084477
-0.7065017922775665
-0.31974813330706087
0.08863464656130121
0.4507164961882014
-0.6773620910131021
-1.0875400630154504
-0.3843795313363222
-0.4652977142051702
-0.5984116253614384
-0.6645455294206717
0.14610812552735059
0.006273790814655747
-0.30379438227662053
-1.0037354842159911
-0.7387973769284446
-0.5078108141579611
-0.23311628166111642
-0.3715851293031952
-0.04800481730086188
0.03142416441901835
-0.30749193199937286
-0.8162228973145347
-0.531417997815716
-0.3323225411671022
-0.16657744479827757
-0.2833540209789725
0.07143111670739913
-0.04489149990814184
-0.34672560331105856
-0.43896342270300065
-0.4509338488616015
-0.07122400547589056
-0.34515593642613995
-0.19107264078260883
-0.4021809980229528
-0.01355993738136746
-0.25814326838221413
-0.2713296321711449
-0.30178957722369265
-0.32207186904020846
-0.02804130610326297
-0.21309364183980567
-0.2226063362848886
0.2091001386207323
-0.18230480278368827
-0.11943249163414127
-0.10472889937713342
-0.17619707531264905
0.13860152368452566
-0.849841305175348
-0.43648644937645403
-0.1561784392212359
0.2586751032391725
-0.0055927844857086295
-0.1424168612632005
0.07574325708062765
-0.04910942654160888
-0.2006091451215347
0.1805322187044973
0.3990376629021475
-0.3224305572899915
0.24304843833051665
-0.043600078461480396
0.2360018565387349
-0.08594826170313728
-0.40055902321691744
-0.0708074507976083
-0.07963929088767718
0.33537049641610917
0.026921608565873226
0.056458333409978724
0.11217600653261939
0.03319790935295963
-0.27585459721634104
0.4067907227316807
0.10803061734856356
0.09013749813997346
0.03539898759032423
0.10536608197156266
0.18640004914494934
0.062260882663746187
-0.007494097772980102
0.37682047730844587
0.5069118732027122
0.18847420958218553
-0.006324649641257285
0.014773590679169758
-0.011919897995656847
0.3271245276741813
0.07691484966917139
0.3164109104708754
0.5486182250096177
0.20468082177902222
0.22790506819009326
-0.18427775443773864
-0.04972736951316087
0.07069247146547458
0.19151391647590704
0.5539686920068909
0.4608780004847826
0.6396744250504531
0.2090104178699413
-0.011374933320228486
-0.7143609385099617
-0.0867092179014537
0.6715166706186566
0.8773967660551629
0.294779603679321
0.7846635004953044
0.40866447786137033
-0.09332459501464224
-0.6481212550498081
-0.14775672222392178
0.6610683761181513
0.26451155698199313
0.3814811447781697
0.33033234927245264
0.16361822176524254
-0.08561052073414827
-0.9811079438833783
0.21539129934069434
0.35675874432315574
0.6120205903736102
0.2928001931769746
0.24000591558132617
0.0015253429943807573
-0.5469589071701693
-0.9655667376244793
-0.04830151092488366
0.1467331579409029
0.8100948976620918
0.37956112623765104
-0.2110289236079682
-0.2788924468097941
-1.0454920897149518
-1.157032276891355
0.0539330260643931
-0.05002833226173985
0.550211519210211
0.20681467417973987
-0.2990806115604243
-0.051663679254080275
-1.243183812990086
-0.6931203470930443
-0.35030035292444
0.18038260993192154
0.2995979568585414
0.34394147167558303
-0.20540709157377374
-0.2865792312531895
-2.010739947552902
-0.44476282961110136
-0.14639472946468973
-0.09961713618982104
0.49325368449217866
-0.10849822329370976
0.18944157933385844
-0.594088684921205
-2.0285853461517207
-1.1919183413954184
-0.15186975884862164
0.15937003948397144
0.03386322130233968
0.3884155576511027
0.1847104016497399
-0.679630208617766
-1.6139014562855534
-1.091886482492754
-0.6301594653434328
0.14083425303850963
0.2294482724613079
0.11265069635928099
0.019102944114751608
-0.35280731546752
0.2858593767678745
0.17682706765420828
-0.02416863166555544
-0.13019000365848415
-0.2447753762262514
-0.6100693396495832
0.09884365409701237
0.28031764259363673
0.1492580868775577
0.18369385762934184
-0.20485418941768996
0.0835388449490275
-0.44643765072406916
0.03323357950698674
-0.1185994727166857
0.08110815450957981
0.40933101087779866
0.171850106599764
0.12479546919843323
-0.22822441077048655
-0.15125214643989784
-0.013364500321559392
0.39203786644660343
0.08438370667582046
0.44430554029823754
0.29575723111245883
0.01844098528192989
0.08348814812395122
-0.31220612478654713
-0.053120173297057205
0.13509187465462735
0.46056736486871536
0.23941117859299677
0.3257613985875765
0.20937987469643127
0.015342982073492828
0.1543910170817533
-0.1402706373580334
-0.07332970734099004
0.13234278831937146
0.38198332466407764
0.37483399310045473
0.4004569373567848
0.117951610708004
0.48300797786603655
-0.15139355500280594
0.11150536708670705
0.04503216620256778
-0.0045268449962511115
-0.0733765333795467
0.02228644576233685
0.33211894162201105
0.7525686932627327
0.5604571435503419
-0.13595428050905045
-0.42359669154896007
-0.6433601269443368
-0.8219227780828446
0.08493666317539084
0.3761172421508544
1.0057355264823102
0.6536002331523709
0.008765628508609624
-0.35016097489375914
-1.24845267646165
-0.7405728167861105
-0.8097970880391993
0.03877494724456107
1.446184911023245
0.6519768298203048
-0.029355300595745336
-0.34875300475727666
-0.5011867450646172
-0.601989370013231
-0.02175331915112283
0.09788262011716362
0.3571477380733591
0.26551273859020263
0.2532094713148033
0.031084856941731125
0.12459029933967712
0.023010225149816627
-0.06546447281900086
-0.006007114718921153
0.023441628771590728
0.04125986298176265
-0.12368366126650843
0.12271551191500651
0.16734814129927134
-0.06155945531404461
0.18152885344423988
0.034335697925288844
-0.287427149816893
0.14553674250978152
-0.14290530862249526
0.11848568066477272
0.39438828451089497
0.008168989890784517
0.11071269363090808
0.06126070137707148
-0.36684208093479553
-0.34712829375615833
0.13528999509388648
0.10429192566598067
0.29410098184293365
0.4372778910875612
0.06579012200152726
-0.05618944245679694
-0.4164038943823767
0.052627509534542594
0.16826301063398677
0.45311252926000933
0.23979948557685626
0.12169410821935661
0.3722974917266042
0.03045930944566716
-0.30636735277936444
0.028377632179573176
0.5974327925427616
0.2488654852802591
0.3923317372955352
0.6915488339796383
0.07261909463738342
0.0783224395013343
-0.44572121849286994
0.1276249309052877
0.44157946817096233
0.9182999261750817
1.1378939738466858
1.1142684426877358
1.2590027836508764
0.48920310646466514
-0.08436941560235023
0.26017735383027524
0.4372435994697009
0.6931253074052591
0.6029984807743016
0.62852723660928
0.5110468124131807
0.5252101222028938
0.2932460124529088
0.6506759105207363
0.31322574710220563
0.48802944973001416
0.6758210054463059
0.36825494427895655
0.7985644849333329
0.6043746485759658
0.30186843276266917
0.5218394995882222
0.8109618498869522
0.4341022045190491
0.746457026988887
0.4042107907559115
0.3340560473367094
0.4033084391558068
0.6535497063474429
0.1466026435233235
0.05534974630703182
0.45526921514059404
0.20198559430062168
-0.019021330999377466
0.5436022559184023
0.4715980085149081
0.495805994730193
0.09558494907671194
0.36575603274656254
0.08915862156372012
0.1172101130957783
0.17269803902931793
0.3164682623389411
0.6013846489432577
0.7387501040886817
-0.13240423434150533
0.08405235825088248
0.43591171755895053
0.26283662371297456
-0.14614264192898363
0.3004228729178291
0.3351009189615283
0.6660031710799978
-0.15738486104621233
0.17594153771713977
0.47341132647924794
0.11978223224140305
0.0899326177204865
0.05800956355700657
0.17767870918263579
0.057026438975329496
0.1707543072431108
0.19766936685947634
0.13069315031857826
0.09422958089114086
-0.02542789877367052
-0.30400454018363693
-0.23610476288226756
-0.10733697426928468
-0.28233476782154965
0.2150283498865527
-0.07475483665293425
-0.011963173366923263
-0.09880844765648011
-0.40808891856639284
-0.7345915707602355
-0.7881447885762183
-0.08426757816943498
-0.020346061416579325
0.0398943729209367
-0.03987095186930797
-0.25163223191927186
-0.49449785450773753
-1.0350792939973408
-0.9394032306052297
-0.34552690463217506
-0.13372722828300557
-0.16662623850072678
-0.4145444365592509
-0.43718243934506285
-0.6003059782527653
-0.77577047563314
-0.8609874216357893
-0.23329600763356073
-0.25721536800420775
-0.5046554205300352
-0.2325028654366893
-0.19264705936163198
-0.5659067505318233
-0.4099876181387947
-0.9070934889526079
-0.5570919808345468
-0.5108910421388512
-0.253824955252981
-0.26395189053349877
-0.2934009370038816
-0.9956244233549522
-0.38100344880506515
-0.5562828215767489
-0.11464845044273247
-0.5869338019440382
-0.31293025601984514
-0.2971540314557749
-0.6275835518561751
-0.11633235766483346
-0.7685770276465218
-0.2661133717812181
-0.38435243880513903
-0.5617998876322899
-0.5337777472346927
-0.5494302564292829
-0.46938763496562097
-0.5364721821691077
-1.200248622140464
-0.5033717637999242
-0.06414488147795869
-0.10045675217520833
0.6331908421094882
0.3861690156211482
0.30305127232781603
0.3614845742792178
0.3788584207300232
0.13778660973829482
0.06438375527833629
0.20200456369797526
0.5480219965320416
0.34016556825651856
0.6111123931038274
0.25860755079619974
0.621283464859905
0.30040695275814855
0.22456423662056663
0.48569608373350864
0.4295974069284819
0.5462125432222888
0.4108213065514673
0.15710380319734013
0.5472264288416533
0.003918328706242147
0.5020839841764493
0.40130547732860244
0.3830766452171487
0.3877661031695743
0.29716972211377013
0.3680014426215926
0.07014950824681604
-0.05976999739098526
-0.004290986573496969
0.6378238711922873
0.5125349571414171
0.1152494385321056
0.533473959058013
0.051302936938974614
-0.0275536995307665
-0.6024366677376648
0.22318601872284127
0.28305536491252203
-0.0601997318423918
0.6295036459326901
0.1813891243634265
0.16797751911114805
-0.14875876167896793
-0.22808224504147268
0.06928259039123696
0.06886670707081183
-0.013975144258169703
0.221339756048741
0.10959894849735674
0.01900503886346666
-0.1364672297155447
0.04959849714551945
-0.5520668387626062
-0.3250729215335113
-0.019690629533029413
-0.11971177380504935
0.3345471639825987
-0.39435398732731514
-0.0936603419159221
0.3603527200600571
-0.5191300229632769
-0.04516794586308681
-0.22830438595277464
-0.13097270290098728
-0.3611387985141267
0.13263001631856322
0.13530785664414657
0.20606145357298628
-0.5434028118490101
-0.38868294224240996
-0.17591539586492566
0.18007028147512338
-0.08631813164360819
0.161228757351853
0.2505467820391536
0.005358742217519974
-0.13950628579486513
-0.3899937938319414
-0.4853815661003493
-0.09660561950701319
0.1048498135255524
0.11376270890693613
0.1797361024509661
-0.3469143843076091
-0.1977788855833168
-0.12514788700557378
-0.042597607009326854
-0.23456040742107298
-0.10883653468423948
0.022401197413075988
0.15557193180092826
-0.232194692096385
0.03763662409086541
-0.3644691105272555
-0.10939906079417261
-0.13203290434572018
-0.01662589581122223
-0.14184144037403051
-0.7874404206095091
0.37505723946913555
-0.3626867040047571
-0.22748703168130208
-0.2170856621030452
-0.08262216558033464
-0.37526832735387916
-0.032008842683499295
-0.06461426922091246
0.16560804566471224
-0.2430268622175104
-0.18553406864075966
-0.15827471481347977
-0.05627270271716006
0.08547443657889792
-0.577550127475539
-0.24868226346185202
0.18763161921751717
-0.16265177169401232
-0.136850913050248
-0.2047035866341553
-0.14390859549883905
-0.24280699946265114
-0.28678129117617934
-0.19109046559922438
0.020982227457403822
0.6140787121910827
0.09487515570791817
0.013163939483600062
0.45559129454902886
0.7445403018441492
0.4716294938440795
0.4480372387797022
0.5977106846282421
0.22337445525385186
-0.08511322095066148
-0.29689459495209075
0.05102455542202827
0.4156528448530886
0.3555568291750113
0.20641391067884982
-0.08127095725621203
0.5702679457304736
0.6358726416209299
-0.057648350390602565
0.06390418179244134
0.32276523319760253
0.221905795484547
0.23421368193597947
-0.13350708965520758
-0.1088428315985176
0.34091797922316447
0.6860567706358529
0.19167569755629252
0.44850152899939877
0.30419473547299425
-0.08999610990637724
-0.011437278011117713
0.3938869733724914
0.07519533130648298
0.14248465216840314
0.37072619994073097
0.4178484212529391
0.34938447221809904
0.08340306605548661
0.32946953285974945
0.439986502201506
0.459566003858657
0.1484094901045058
0.0055481470486976325
-0.001745064103288358
0.16391804002805788
0.30429607959664456
0.11310071922750141
0.7685081790614321
0.43178509488116235
0.2628201410776352
-0.1537450013473407
-0.2008084440409307
-0.4003254311744886
-0.648958403538308
0.43106732415604326
0.7061185112324726
0.8302967141972873
0.2366016756902146
0.05348891446705081
-0.5588872859243825
-0.3810615081027532
-1.110439408894347
-0.978106202995312
0.7129039279245404
0.8134837894300531
0.5851638375331176
-0.06536907532728392
0.07995159457935441
-0.7015351349480958
-1.2787800752736258
-1.3719133270389894
0.24544802220485726
0.6650478413652072
0.4803254653992762
0.16509977817583732
-0.16025699865695114
-0.34866541487497626
-0.9299901356411366
-1.480140827147316
0.566862195498409
0.1500989694563975
0.3169015969731939
0.039623581347888764
0.0280527868541135
-0.15289095214301224
-0.9243550201444442
-1.8940071889556014
0.012842032407971438
0.08313897579658602
-0.16994560725506425
-0.0007731560145013971
-0.01640428874994393
-0.7570424392409202
-0.6070005790365428
-1.773979708503764
-0.15020192385404732
-0.4145035413576781
-0.23871852097426516
-0.11705066907556763
-0.10167689670563908
-0.45743897454252436
-0.8690471841750892
-0.9101885579711617
-0.22393200492948506
-0.27384322330427946
-0.17343188761091816
-0.09056515079242172
-0.1465238366382433
-0.3002765870943983
-1.0586452981049612
-1.0179510449904936
-0.4283320186474622
-0.23481304774596945
-0.3336897562528614
-0.32214092438547814
-0.09188065209757801
-0.12841615679752227
-0.46496131281848363
-0.943483242063089
-0.22936055056566174
-0.45931605711722934
-0.6686671864956584
-0.27866469340333405
-0.6669796480091531
-0.06551501832144152
-0.41985888987983133
-1.0384279786589559
-0.5399518613503964
-0.16099001960599013
-0.019164890888096003
0.31907936032170714
0.46176707283811524
0.340164194418061
0.26926013710709756
0.33622842626524735
0.025499286480299987
0.13126186618911762
-0.012870213447095047
0.17993142492806935
0.062316194308744355
-0.049886461264370574
0.20014508306837947
0.5384264569563566
-0.4487392678783298
-0.0906252441224415
0.17888678182627232
0.2925786935063886
0.1064602928612279
0.11371587972549208
-0.01072689909455371
0.2966106819824567
0.33232664311486704
0.13664339554003072
0.1951126571326514
0.13206772837266645
0.19432913546290392
-0.05862563494604256
0.15141772693809774
0.35936045026386215
0.15449358237929484
0.3524659442467357
0.39479508342416514
0.29636783813519757
0.011408236148979276
-0.15605446983650928
0.16103515307743815
0.32555242216493063
0.15281649354441823
0.5590847634915939
0.300637483400724
-0.04595055020483593
-0.21806120050320554
-0.21046391526365651
-0.9379472508378917
-1.0005580324420567
0.4242476208386137
0.32663970239429596
0.22573376159821207
-0.27157755511783344
-0.1643067144486412
-0.37309671811706935
-0.5867506154595652
-1.8359954342732219
0.10317807442651297
-0.19406704910156225
0.18172381102255503
0.2320307198244923
-0.42898886630925515
-0.045438770206758516
-0.5370125879888781
0.0577203036410226
-1.1112587132545555
-0.5724662693051048
0.08809843497954736
-0.26874137778073054
0.2059661768414328
0.17736311369841556
0.5048667525098689
0.9211709033256057
-1.519390289373911
-0.7421947364380427
-0.7382838239568243
-0.4179947062005638
-0.20616835999741626
0.22884765734469886
0.7930029340699446
1.032495859915948
-1.3621824209652482
-0.6828167834378317
-0.6223163151782087
-0.5745667415955182
0.20371936727926077
0.9152716558063896
0.6965432454037346
0.9733218535636953
0.41542382269040234
-0.27138158159211495
-0.12888683225120057
0.05057854868433995
0.39808849755535136
0.17173834917329384
0.4766785912458197
1.074988757392272
0.14604901361030925
0.22655513525357424
0.0630044583472823
0.10711806136621879
0.23754644616670723
0.14754692849301604
0.2513865794985108
0.08013535208797595
0.26301977530828446
0.31479052538480345
0.1330303633349041
0.41749459610852885
-0.35975589213876613
0.2781091015176588
0.004633754658403044
-0.038030186234066954
-0.1572369540052474
0.34673867063650676
0.1442551074448019
0.09832570394377303
0.25390647956514756
-0.338223182335049
0.0899675332710359
0.13140852290384614
0.9291632555254434
0.06865189065252902
0.35846458335199827
0.3788596869403289
-0.02708338886850159
-0.350849767446472
-0.3451536342022265
-0.42679743699027994
0.3156202171739839
-0.16120432613310387
-0.30869424900888826
-0.5708103550177778
-0.3357073109195573
0.32959266275299864
-0.02048246904957296
0.8306674093335638
0.19145219159020235
-0.30354991165656664
-0.03850272356481774
0.32212310367547625
0.2599469304812375
-0.04128660723096593
0.10351149219945982
0.06119700590846455
-0.08556531408246237
-0.2797425875264531
0.2712105168144229
0.3597326059428336
0.3365641269966856
0.1039389615237584
0.2999615619865319
-0.14191472723753595
-0.2814894710200605
0.005364305194039992
-0.008686474442838932
0.29119258790197033
0.429060076469573
0.25568493610841075
0.022789079399012535
-0.3607338324893389
-0.24209051415025384
0.0786269111772326
0.4260912163521333
0.6169053150904121
-0.13775206118471814
0.3460173797243308
0.35871026148320007
-0.264117337830002
0.09409713521232038
-0.12966076624766304
0.2215575910824697
0.2856729816379278
0.5515842977797154
0.22519283639705245
0.24535105327617784
-0.15199387261322594
-0.21854041717184183
0.23761327444518066
0.09978514674755429
0.20680409315461057
0.08115964325521657
0.16955698110628947
0.4855819002380656
0.3254008501632158
0.002559301399559441
-0.23943903060917304
0.15191496538712995
0.19400990548087016
0.20334367368004752
0.28584611287824685
0.024275101919960185
0.2830502746669963
-0.07136139624680016
0.28268605441274053
0.1315323004738933
0.18727660874613142
0.15988286625055942
0.323899008163366
0.1766469613192022
-0.015402335354767455
-0.4082480283990715
0.03252330970390571
0.4417428086235154
-0.11596310749942867
0.2488246775934665
0.05705137792337463
-0.09372548836729588
-0.47404311307177605
-0.6139884037286928
-0.1820259668743442
-0.2655179886036556
0.049471366417201235
-0.10749837010149942
-0.1202711222326249
-0.1873032411170359
-0.9945246429274163
-0.8089419873870016
-0.4222491947307969
-0.07227893579486352
0.19819860164074327
0.032315355075443364
-0.1562162825403446
-0.24103715528274017
-0.31382365882365293
-0.5890168733486774
-0.28357465257930115
-0.24463470565644274
0.0040304892591291885
0.06731266681843823
0.06097502799346388
-0.2122705207873257
0.08634634886732251
-0.9322370118111634
-0.5503581244802608
0.06579628092713641
0.21038791016918862
0.31225969286630484
0.14667752763779188
-0.11426843875402076
0.31671197092856485
-0.5179287086254404
-0.22255009618985644
-0.4053235700190847
0.154596242340158
0.44147806780683
-0.03150351645140942
0.15119261087380564
0.5436624909893712
-0.1395473706926238
-0.9633702094982458
-0.5508150609381779
0.2006714545198021
-0.20944594128063818
0.41386303136228025
0.5285540147354518
0.6075506166390854
-0.14479414053878814
-0.33890598150207263
-0.63740336463966
-0.9836699225599533
-0.9958134476307351
-0.3578012823255313
0.1433083464966598
-0.21566203169115417
-0.4207255440196576
-0.18111077190709002
-0.6414547554408503
-0.7985483159860847
-0.9466275833086425
-0.3461694885903076
-0.0466239280185366
-0.3813274116640702
-0.14561919850070237
0.055895125558306225
-0.7348126333459652
-0.8270488176631977
-0.7124244032143483
-0.27167749960508997
-0.21039296197114898
0.24416979553122733
-0.2519563405626082
-0.10744940922160068
-0.5747584756082711
-1.0349398614867695
-0.33532651710735645
-0.4317734079611553
-0.12800554642020634
0.19894479236526258
0.12471028162779398
-0.25808918032319794
-0.586719847884638
-0.8779162373612457
-0.33442541301412076
-0.079000215933958
-0.2742738521031164
0.32860386110566325
0.386743328740385
-0.4399918824754552
-0.40629057873208796
-0.7306555784468243
-0.5003092346496903
0.023653424148559143
-0.030419044555089897
0.9508182211820657
0.7539020971950094
-0.06421053944274033
-0.91167203476031
-0.5745411117084784
0.2047006038330773
0.10161673460510229
0.4464043466341045
0.4847805828034555
0.42060784392964473
0.10703251813591408
-0.5764502586410525
-0.4323178452790586
0.21414549688084142
0.3414307953603199
0.39867349690846265
0.2719808959743957
0.9942458877982715
0.32567303419547433
-0.7581229236309106
-0.044125148635467376
0.3000199864449138
0.7999643189686428
0.3528936557313596
0.3549643615559505
0.8081404100013884
-0.04740880928346303
-0.0218441566239804
-0.3711371629345025
0.21274739256793485
0.5102031583730622
0.8325231219410555
0.3419680147338005
-0.12582451356811247
0.24200142473596636
0.3364574040813997
0.13485352437346676
-0.024997132323286042
0.2801757701817479
0.6073267741693789
0.5290427136195784
0.028041576176652788
-0.24761388123963796
0.2218124461507667
-0.15307709974713363
0.32913980557715167
0.2305247994364184
0.5697137903923414
0.23080830325797397
-0.1828142819968739
0.15750357356511768
0.3729242762233769
-0.17349418409982453
0.04955712849173005
0.5925787294451181
0.31946436687704644
0.3038843467019906
0.11197935687248742
0.16954704834005208
-0.12294206234334248
0.42048314887399596
-0.052906467989758454
0.2684287626900412
0.6675980000704758
-0.18997942173994875
-0.5741116305039662
0.13556953662238394
0.03846592622851969
-0.015399063588069785
0.2797311429580121
-0.08434432619783516
0.318630446008364
-0.19044381797118462
0.10108918057337524
-0.12837592724842967
-0.07091736357226702
0.5733535208246776
0.7162334818415483
0.41533389666591725
-0.46232427712979884
-0.08312277734787743
-0.2435196801804601
-0.13435190873148906
-0.6363056271784173
-0.6029905759385681
-0.6735093318555069
-0.2003157354906196
0.4540986141345628
0.40767026006143575
0.20930198998731736
-0.22094506224579502
-0.6836392767447226
-0.5078225326283837
-0.9546550475506572
-0.013479817998328925
-0.14484267499922873
0.4902312874544394
-0.13592226934412405
0.19280702300695435
-0.19537495631466023
-0.9324581767653382
-0.7138908029278213
-0.32234860685140887
0.4977100701872505
0.877930426775193
-0.2038453554979837
-0.30906435544009503
-0.13744510557948594
-1.0386447102321883
-0.4901816190469456
0.010524298415326594
0.48810065210163456
0.5606459467394147
0.31839462690235015
0.08695013035722132
-0.22029742315692225
-1.138714249343412
-0.41292182863762794
-0.16691436046420016
0.18938747371771553
0.7137111473960173
0.7547362752129114
-0.11349339979601142
-0.35548165014633537
-0.5189630575473925
-0.4593081148313083
0.0670476502612061
0.15996400832174584
0.6463559760284943
0.8045316825300023
0.24615999973580527
-0.34824833345642753
-0.46342902124196483
-0.4985682699324273
-0.26312051415321164
0.4695859975057658
0.3209681711352703
0.45053784908506417
-0.0746182224018091
-0.044664407889036584
-0.3910890596881947
-0.6790122566198111
0.17752159936725376
0.1868188774752754
0.16138614162636764
0.05378723996717192
-0.3968782677413638
0.055362857740049835
0.05938852150760132
-0.31773055438736897
-0.2695295936521152
-0.12005476928324676
0.04915887529980911
-0.06345767781241132
0.20317568811871944
-0.09062467200910312
0.27764377491012604
0.09113673498623942
-0.16587507727749085
-0.02903367622704703
-0.34748803198418077
-0.3366695701394501
-0.23188646492269482
0.30367080336999686
0.46852747913486975
0.04850715183389054
0.1683849322494147
0.12940190632908405
-0.24817255395846566
-0.6154502220919792
0.1560204229903992
0.2117741911901081
0.3767739167909135
0.3056332918066522
0.16906830284373486
-0.1915044310142103
-0.21651596228540876
-0.5754413943830756
-0.16584210403863442
0.19719523087323632
0.09106775632804298
0.030546046702626284
0.2450669236596617
0.13195888128125682
-0.45230979375587343
0.23224492583574968
-0.28601364232169546
0.042391113085828144
0.3499183150679675
0.03768174378116301
0.15155566093040423
0.31543566466147394
-0.45519606295783754
-0.40219568816914797
-0.22494097952578335
0.08766980718733113
0.15339866694038357
0.34571779255039353
-0.04770609170476148
0.030632307596969003
0.18484094402128015
-0.6748023637313039
-0.2955671041458291
-0.246349582123675
0.0371345617191368
0.5752406181714517
-0.26732426515731844
-0.10040425330074351
-0.3518609106613967
-0.0880013063020299
-0.12570629822437684
-0.15091254154550138
-0.1977140113613141
-0.19029643465134496
-0.21159418932293267
-0.17759750908150929
-0.24179858366750806
0.051787415171710816
-0.19559356071055667
-0.1763024982722785
-0.1720950272764734
-0.1590962390217029
-0.1973148998484565
-0.19347386351957085
-0.2188161599052839
-0.11855178965144009
-0.3344061480607095
-0.3359842310541341
-0.3690559857971163
-0.32760002871758653
-0.14184540111144384
-0.3433817353465233
-0.17775169259655885
0.02264581699481316
-0.5967237827049593
-0.26674130578785105
-0.35491523564457317
-0.3652127596919432
-0.5934095542754015
-0.3901480777951454
0.20634367395334868
-0.0490243853510311
-0.8756063426885756
-0.318619182206486
-0.32383064055653477
-1.1300966323324548
-0.61161826463989
-0.4482540844936068
0.4248328057612973
0.0939330935270491
-0.6837530354312323
-0.6655615055065037
-0.5742624018180174
-0.35385727071506956
-0.926087533621681
-0.3137798599020659
0.9701944088390515
0.2292034051934388
-0.9052793946072252
-0.43126171410912734
-0.2782795932110412
-0.1772070735284526
-0.704397283731055
0.12824552685042734
1.6210775749188264
0.5213858608155587
-0.40711266495148274
-0.11445537703038733
0.45451979735119286
0.3727895928792075
-0.46170636713528607
-0.3043092738284141
1.160528249518449
0.16533673592342113
0.109995674547411
0.42888120810747193
0.5485130707551853
0.5474006271600371
0.36086095328315815
0.04326670760342782
0.22569344206897246
0.4050894663753528
-0.031193349708127482
0.49561533071675423
0.7340249300707267
0.22951581964732765
0.28695778123325316
0.024199445550882603
-0.010284168874688457
-0.353507542800259
0.12332924090548668
0.4876674630444611
0.45055952159907003
-0.06339605397288062
0.1937600593255024
0.1593638676640522
-0.12201479352074468
-0.11422405338267971
0.20431872385287014
-0.17271921335424667
-0.1391736618690487
-0.23339506125340218
0.16105000291742427
0.3417947334080746
0.07620868550463611
-0.24753722539293366
0.21412459025619326
0.09858953275686982
-0.06287530002260225
-0.014350711373532915
-0.2514310344225791
0.03293780212659331
-0.4768364804212162
-0.14203768103213343
0.27828358812878884
-0.2755462614313537
-0.4257387256646948
-0.3766272485308564
-0.24983985645672505
-0.28205032380307277
-0.5006371332613143
0.15052039211718246
-0.11197352264254887
-0.2977660787197728
-0.28531318914157094
-0.24853268795802375
-0.233569153587119
-0.21352307383816704
-0.18141464954336212
-0.16247910651841094
-0.16858212491382327
-0.18232493070334746
-0.17243115487747668
-0.17446802694654528
-0.16442925828441635
-0.1680979965089714
-0.08214744037681793
-0.05270981002691055
-0.15272746887785937
-0.25061420261085565
-0.3229908428906272
-0.18443908528120945
-0.21951564498289078
-0.10095124003737788
0.03178758508772077
0.3941931988048758
-0.4042517107691599
-0.27431274566444536
-0.07372904035681019
-0.005195920373512422
-0.05560819630997112
-0.08907252943620801
-0.19188922120984658
0.28405535936374193
0.10795893069900292
-0.13892989320833035
-0.23784422972211033
0.02992405355037925
0.2143237244453673
-0.06726827054953563
0.20723927204119497
0.42730307444120325
0.38162412181533206
0.21173667882249944
0.14249913837519568
-0.2880056456723277
0.25356364972487616
0.4304603971266073
-0.34566958930329506
0.2985902769986386
0.325192258746239
0.0013921032382661624
0.03744291172016567
0.024620259124739575
0.06843701478238383
0.7015601251803982
-0.1893819418244324
0.14448106479675943
0.4357096355475564
0.06987330890351323
-0.013474878579099236
0.28062760938475384
0.01431241242201392
0.05461075119344633
-0.5488861775188787
-0.2876553958518729
0.2516965316856813
0.2537570017127467
0.45753647548213655
0.23503220395310542
0.24429551420939652
-0.14632989738519853
-0.8610734756396587
-1.2992534047358681
-0.07983006235236767
0.7818476558807198
0.43929184554490985
0.22897258013829747
0.10801228254830178
-0.27032011939164735
-0.335094123333901
-1.3312803078808706
-0.2362343587524503
0.2415140328082834
0.7345490374682393
0.37164407913247655
0.4060749168499116
-0.055652384222683066
-0.579315795394604
-0.6390220421470847
-0.05718015288956979
0.2101627176364585
0.37300137943860245
0.37583255985825387
0.28159337516882765
0.13304203200382375
-0.1556067066557108
0.383071486850718
-0.07542642909956629
-0.30643266371121736
-0.16536870864557557
-0.23398951531389972
-0.030192989767936107
-0.11044940209516735
0.48744217252531347
0.26449386207453984
-0.1525243922241494
-0.29126558223215754
-0.6240122769402795
-0.08005339521060839
0.0077288697348864566
0.16990622675283423
-0.1966148907901406
0.5875791082816946
-0.12062620328617374
-0.3567024820446452
-0.2074358217645073
-0.649315527577171
-0.3517939162882968
-0.2208884743888232
0.04456230115222223
-0.060314290400657625
-0.05007464328191091
-0.2500065889398205
-0.03157279035712346
-0.49922390064032207
-0.046157802279658156
-0.06589544293064942
0.15296182973333344
-0.27898469883125165
-0.2026522133042819
-0.3479776825544147
-0.15376042188381722
-0.28195528490208427
-0.31056178269475165
-0.12680559259957114
0.4132254747861462
-0.1765215905061417
-0.031058005407926637
-0.2656446645865986
-0.15589388707753832
-0.49396040855731516
-0.6474965889295703
-0.09060891943024618
-0.3289562399924676
0.662380441500436
0.18200300680532322
-0.09467287272345795
-0.24548758478489352
-0.4606407710283754
-0.06084398280098882
0.49296160079977447
0.19850962066286348
0.6465546517898009
0.7563246462420405
0.5022474992855039
0.13755854892818564
0.25118293861917895
0.0833262581042988
0.23548531729267325
0.4951535988417687
0.38991621972885926
0.390277993777502
0.4922236877779357
0.16355823372314915
-0.0089892792886061
0.42553738870926305
0.35787060000938226
0.17500707124157638
0.7153374608597673
0.32317798242171025
0.2880562449272341
0.844919930921469
0.5522478175873494
0.3500700301387839
0.08821545291480382
0.5796047018645696
0.37442125919058694
0.4433910007755679
0.3020468763890069
0.3277702778240116
0.547916980278031
0.7285600378879432
0.5013904203646666
0.16829486642019892
0.4651493939184591
0.0927227661928645
0.6094307111354642
0.214416598991507
0.4655545504113136
0.5959030203504013
0.5932694035220667
0.32437904826126374
-0.3080962481348878
-0.2698628759794676
0.06615864752354195
0.04742878843466808
0.4818739317309192
0.7772941026071611
0.8406071945027491
0.5896810094579362
-1.2669119740933483
-0.24904458487265133
-0.21572912060624416
0.35319565325195806
0.4052311385631519
0.12816805910946472
0.30716329094804884
0.18455895506955217
-1.6126920252096673
-0.8401556667579704
-0.367102979727735
-0.39057148015880405
0.006110422815939542
0.6364282500856167
-0.09126790780716276
0.07068217864754595
-0.8025720698198634
-1.191938957652826
-0.20422781535802587
-0.06956075304803144
-0.15384739727123814
-0.23558978401171096
0.4451024252716997
0.3804442641657459
0.12434281773545186
-0.11722184879417458
-0.045160541205391314
-0.49686142883976026
-0.43192436555715996
-0.4598669132965222
0.1095090266535621
-0.03554736738769043
0.03266450847610963
-0.25164985600895606
-0.17769736729860042
-0.23574016931041664
-0.03091367562372667
-0.1404292713872468
-0.2733109772173693
-0.012599588534725037
0.1998979014248478
0.062188380494519
-0.3938171262591742
-0.15214582074732905
-0.32388131543926757
-0.38256428866627656
-0.07740733392550303
-0.1281644382270632
0.08363652502336152
-0.13126426635435667
0.10404005308877448
-0.17938698041076706
-0.19267205944352228
-0.1253744478512716
-0.2007907528149036
-0.30232534674009726
0.13103526642685667
0.010409306784381359
-0.2679720364949507
0.09462840495648898
0.002193205605503047
-0.40648295586576
-0.24348568396184334
-0.4173513777839911
0.17476671124628984
0.0664509341620729
0.46799648786834697
0.15937385896780054
0.1357928362703812
-0.19499173461824626
0.06000134484977554
-0.058921728622039427
-0.06554191320229408
0.13731538218499048
-0.12608697759656723
-0.11625349811409376
-0.10203736737494495
-0.6064228941354882
-1.0269243248434936
-0.5168367119174657
0.5434184521813131
0.182601423493083
0.11410946680048789
-0.2381139919779302
-0.08714783247646812
0.2305698177039633
-0.09846696261827503
-0.4540023402773776
-0.17903479812884449
0.1989570052619984
0.16523709001247883
0.12663556554238137
0.24656494233096982
0.11474902313184987
0.07173792001812881
-0.3570791437434674
0.19480204700496578
0.2122578938221596
0.05032015958101094
-0.06679688902117031
0.1436201386684678
-0.09259594243668767
-0.017940200161785103
-0.19691533081003015
0.22766167445607227
0.3195741721518556
0.30240347301288567
0.23962910271562352
0.09821393582739338
0.059761217270578953
0.0827150339533102
-0.08494099503803193
0.0541445920609509
0.06004594769937116
-0.12943929003346571
0.17178649823378794
0.018681524699058816
0.2685499154600514
0.19265029274625503
-0.06989748811180857
-0.3203697962410399
-0.16505974477391455
-0.289015084289194
0.3639006909521789
0.575108921862632
0.7052174482681215
0.16388774559640554
0.056967506362599535
-0.42152350631044416
-0.16671278779197835
0.15918819023159814
0.23026525918069138
0.28572756238458563
0.4755866652889178
0.08239545217050243
-0.18725677774026064
-0.6054013515925003
-0.12133805658309602
0.3861504632707518
0.18895155367710748
0.04470322583447506
0.051298533408911176
-0.043521785140386376
-0.45134709294460956
-0.7867330056176192
-0.12964153488177776
0.06368873112929552
-0.04645995247389978
0.14324366430292518
-0.10054903484285738
0.014540049378817255
0.14018610738394338
-0.29590765770922345
0.3937085783161969
0.08474950146352947
0.43750901664662506
-0.035650600930344986
0.01178681921072261
-0.03573630666300389
0.25682382608169896
-0.33271936876345765
0.05338744711083174
0.2503269286984644
0.11071189834471401
0.10060611486082272
-0.3424209884933487
0.2921328751682376
0.20469948039286234
0.1883226709293924
-0.10493792865919982
-0.160444444366835
-0.022057541027241154
-0.03528992131343167
0.30069967322187735
0.23611538028883183
0.4561518908862875
-0.12285344928172133
-0.09206968367908094
0.08717862158872727
0.002563322614486413
0.07345307606300178
0.24443981438850307
0.28833206301096403
-0.0604161234987976
0.17674476732347205
0.023676301357489882
0.022758405570111773
-0.26791391475267834
-0.3409848227427301
-0.13771446357261408
-0.41317010592835834
0.11740974054811892
-0.09599555677549179
-0.06750469561088515
-0.1702023331918554
0.07606377582568577
0.17720843500932132
-0.2675592271238024
-0.48036773885660383
0.45490794865695494
-2.5686973191676175
-1.6019506292109378
1.4749878130037164
-1.7010631268521403
-1.3386092907138025
-1.4418381929362563
-2.1451199766477007
0.9243856045782464
2.248056848513274
-0.3336609825123151
0.5527297703685209
1.4863693174300983
0.5036722090239009
-0.6464556598497166
-0.647552054715796
0.32847942019628606
-0.6300143920664504
1.9155502047920407
-1.5590863517201754
0.8522852998219771
-0.5477898522372424
-0.9260829740744949
0.9033842908588958
-0.9277725642576649
-1.6897375448699385
0.6038784702699574
2.4730151978200476
1.403106648820343
-0.622511051123886
-0.7494022025457838
-1.5348684302966569
-0.46076651402609314
-0.9250761165286966
-0.613285683402422
-0.2312924540516838
-0.06883531037852042
-0.6255819264331322
-0.3511870536572271
1.522562304346275
-1.1265309769639489
0.9975928268189942
-0.623073390264199
-0.09520578795772344
2.1602169612360744
-0.6362247133368502
-0.4601065457233482
-1.1513972740967742
-0.19793608620163677
-0.34341121743923897
-0.2729900152753809
-0.5962949014215351
-0.4180865019274962
2.093359111795636
-0.8415693007541921
1.8752734216969071
-0.7811068433327035
1.3677564658130454
-0.6720719691314226
-1.2215600622109009
-0.6220398478010448
3.941837851583363
-0.1743965458217388
-0.6916864187213032
2.6363978484509234
-0.8349847129475415
1.978321888771751
-1.2485202576829484
-1.0381046293991372
-0.16856883481028112
-0.9374887737635742
-0.5964147816328995
-0.6498282653021114
-1.2672707745746097
-0.2665330459772638
-0.36409191402398333
-0.26252964068974205
-0.5110367641704493
-0.587884989482724
1.2351891912954458
-0.6057915584583005
-0.7230737969668474
1.50213166604261
1.9456747089708561
-0.6373721744798614
-0.9481172629080838
-0.48404493321493797
2.9300402917751645
-0.1000844480784501
-0.48034744512174193
-0.5758588108330047
-0.7946006149201804
2.0971094945817903
-1.1307388918653034
-0.5849953616633004
-0.207126092671218
-0.5681762685246597
-0.5832167402786371
-0.6880869712940244
-0.8360252712505931
-0.19324407266001098
-0.24748647840717009
-0.33987186954654547
-0.7751120221153643
-0.7185297737987134
-2.498005052120571
-1.8040811894135487
0.24632729624133878
-0.39968300606278306
-1.4686251212655286
0.6893612270077181
-1.0087126271669942
0.1494126201765304
0.8623953854741412
1.6789355409371391
0.9783585444038597
2.370819957670472
0.04019190667385547
0.1419430141008667
-2.512027691132504
-0.19977666944018552
-0.7266113775624412
-0.16867502791320582
-0.2810810493712964
1.6765906865264937
-0.9197826310725296
2.5093453806098993
-1.1884439209348798
-1.0915808548846768
-1.955000379992548
0.16679853687804685
1.5447371753910206
-0.542490207535325
-0.4596814104181137
-0.5811426150398391
-1.2722858843360885
2.4292802703770606
-1.157470594420603
-0.48976611973097706
3.7310452573227386
-0.03774785848987061
-0.4406182783503926
-0.3411726514478354
1.4040877125194011
-0.8282959170129612
-0.8885634573478676
-0.6829380016537893
-0.1495913740137924
-0.5659871883181835
1.6816532755082056
2.172554994205976
1.7774066852803259
-0.23124566128346588
-0.2808552915167388
-0.3030422076953988
-0.9016919442684156
-0.4234310495759772
-1.2014086237492243
-0.6600915733539866
-0.558386886219072
1.1713261183845076
-1.5017480956897513
-0.5402123626410985
0.9839019056707307
-0.7519953533848043
2.1558765965307334
-0.1241797655925638
-0.4643168610860286
-0.6073380613075283
-0.7017400584090591
3.3493493346210963
1.228946255477994
-0.7642092824733311
-0.1991227124459649
-0.4880413842801761
-1.089946474973296
-0.7157656723117491
1.5543237306196205
-0.26070968391942106
-0.36955997009735764
-0.29978350628863576
-0.9146356499183932
-0.7846132333873878
-1.3256129093904565
-0.758818317184665
2.087517513854376
-0.597029221238056
-1.4279375127200562
-0.6109507701422547
1.103559009102616
-0.3422655629271475
-0.27670631689686037
-0.05408040367819869
-0.540193522222721
-0.36361929071609167
-0.6826782315074839
-1.060712773182159
-1.1592113799905346
2.7501854643706283
-0.12941177723771408
-0.9721475401865052
1.9641335438579632
2.0252289602218605
-0.8952946440237151
-0.2370419276007344
-0.21095093556054534
-0.314542626227856
-1.0065983615578442
-0.5500091476337483
-1.2649316853018373
1.2853748174381914
1.4249950730073637
1.7269190301753659
-1.56108427091465
2.808603541540284
0.5979627053446603
1.7335097952533354
2.6209468120441644
-0.09648355026084192
2.711055946742508
4.32310838994186
0.7549972400251144
2.3550333007262005
0.7988820809318429
-0.8692522969538585
-0.2715278330185979
3.4521474824525593
-0.8706381152420045
3.8725468204705176
1.3539578783903172
2.634289575921821
-0.4352083094233907
2.881579637271339
-1.0512223805867555
2.6325550903612682
-0.2857184645639959
-0.2048201571248348
-0.13200760104382436
-0.19000840009630737
1.8698593628945916
-0.14259535444322446
-0.26431615307238904
-0.06340912985338942
-0.05340361608598143
-0.010527567165493468
-0.06459913587218985
-0.04779387713674138
-0.17149420558122594
-0.37721498381155466
2.252929766752093
-0.16991779179978134
-0.018401098368511837
-0.1014580962147861
-0.12495107151054469
-0.11127015007444319
-0.21251471349265405
-0.022830671576645867
-0.04700259034177018
-0.09206698292201854
-0.11261085998349196
-0.11060601688145119
1.0486144478170352
-0.8203536927866026
1.9652256086432542
-0.9187419535463094
0.4922777708636217
-0.474232745387444
-1.2367512791093487
-0.5065556138448584
-0.38454274538015376
-0.07720192711814115
-0.7810390048490262
-0.4202594234237168
-0.854001594382924
-1.219710439476371
0.9658458018034285
-0.7272285501870697
-0.17792396298708182
1.8451417941679769
-0.7851662053798326
-0.6740295989382201
-0.9947962869966988
-0.4144058351337244
-0.3143875369140026
-0.3539667072286043
-0.7839924202051689
-0.6392483564850606
3.1604602915004607
2.6798024682402803
2.279079786524362
-0.8588442381714577
0.26233151337569804
-0.6584727372221649
0.6335432417792639
-0.5436208961992286
3.8371783528969474
-0.1574729497156902
-0.8158350419839424
3.2017625117383375
-0.7166724435742777
-0.9901216616758294
1.3559765669076111
1.5564392688726354
-0.1941781746932676
-0.6889033158222797
1.7401720547736415
-0.6906517150681918
2.7734555373944314
-0.24760608627997066
2.477097787449263
-0.43760370764168444
1.9351547214102292
2.156123705835109
-1.525618308183446
-0.6646543649390669
-0.8361871411762053
-0.6874321718023227
0.4227655237668413
-0.5347295272440357
-1.4924382757958865
-0.7955887282418902
-0.36035201502217995
-0.06046422971379173
-0.7266909912561261
-0.5021166242021098
0.6794601803575465
-1.3703909830443077
1.3027120224548256
-0.9437069372756041
-0.24897298795468645
1.748326794709781
-0.7745962256843894
-0.7605282541478918
0.7260288968891981
-0.43993215867833235
-0.8529511229621274
-0.5226207449163445
0.9712995084726381
-0.6655089550982838
1.0633903090336057
-1.2950463618257881
-1.552451215580716
-1.4964323868020437
0.5514827501872529
-1.1010321236390244
-1.9803139204472253
-1.272852414109093
4.0817979936782995
-0.35630443234957776
0.5763550762709779
1.2100279264106604
-1.6259619597614274
0.1558611717371573
1.3907709796788628
-1.7893167795199645
-0.4690036633807867
0.5537723670150893
-1.402235269936884
-1.2592627221087156
1.2118235547983611
-0.720758641441764
-1.103266515005777
-0.9166898922306655
-1.4587584775619888
-1.209344473513151
-1.993509451932803
0.37438905092639996
1.4911723537507102
0.6071093168942777
-0.8842409862363638
1.3849655185471965
-0.355911133763244
0.4600783546092175
2.312644550906681
-0.21879814635296646
-1.177737465488003
1.870438986542152
-1.6462706516216126
0.3938218398058678
-0.5741262378573876
0.3874614007729689
-0.6306769037185798
1.8472567459027422
-1.4196862423695058
-1.1842099358751579
-1.8452729545427387
-0.8240724871504921
1.3322373200825979
-0.70105073457324
-1.7866570387877023
-0.9083081752179358
0.5607847772855103
-0.631215553215806
-0.5836797889710762
-0.9473686210571202
-1.6832596137936533
-0.793441278874138
-1.192530596960826
-0.5964803994416489
-0.5085592626848328
-0.07577634266199446
-0.5818478200384359
-0.45489122330337184
2.409521156993324
-1.5133967363215306
0.5804694141024731
0.9874819921250869
-0.30660389172551217
-0.9153593625334251
-1.2188156778551595
-0.6452340210665404
-1.0255815011801865
-0.3222170511965648
-0.43217092690443804
2.4133669549758805
-1.2922292042376458
-0.679959783089445
-0.6682613733398985
-0.32856499766499647
-0.3763476517246021
-0.5589891798047756
0.8300870646192839
-0.4158272821856435
-0.780893492899556
-0.2539582594963882
-0.16282866732931378
-0.021417438625749935
-0.22307198754411794
-0.25925697432675104
-0.3570536380614505
1.8357433772941585
-0.5153143462540766
-0.33799507954122854
-0.12696307047930072
-0.3606773099067383
2.297858053911988
-0.510032002576801
-0.4717415776626682
-0.14304319199497445
-0.13130184749721308
-0.1841270729629195
-0.5648675585465044
-0.3815746999394489
1.8040214305733113
1.3803248029961277
-0.8983658287036568
-1.2152689080474177
1.5290954984182907
-0.8210679437031907
0.5233538016465739
-0.6393727986701293
-0.6032679190887339
-0.16300936999377488
-0.8078898059263812
-0.5619592068962577
-1.2603165345989102
-1.3547180704512818
2.0132039329171643
2.195377815776941
-0.34590522084308817
1.4003999365122608
-1.2262928544415346
1.583161052810488
1.604874742720658
-0.3178902305992616
-0.40721741384897125
-0.43508682855088826
-0.9794484842128914
-0.688881926650953
-0.89396600100044
-0.5233064135352046
-0.522471979994672
-0.6423005865552783
2.0601497585889246
-0.3398088910973528
-0.8114838442860018
-0.4770589502003548
4.235677687020976
-0.07676844386731382
-0.4290081919464418
-0.4516723327990748
-0.5513213336525857
2.7953047601482446
-0.8653683060978558
-0.4033911763478162
-0.13476980401278488
-0.458963660939368
1.9268291569526177
-0.4026494182553093
2.6756771023706576
-0.16277216555310953
-0.32250775853008934
-0.21439086546669772
-0.49461373737620506
-0.35672025822732045
3.205692778243863
-0.8237170806457408
2.9975021366553776
-0.6712065102884588
1.633538861775714
-0.4266290368436444
-1.1221770265391862
2.4154407628888834
3.3808415681447186
-0.06520302923280574
-0.47671891796552857
-0.36568605249666497
-0.5732725518899244
3.2517539684212
-0.8624958516964383
-0.7353646115261767
-0.10619338989533644
2.284658219737777
2.6207509056169385
1.981598752312029
-0.7604672388861229
-0.1664937383964502
-0.2775333597475489
-0.3218984833169306
-0.6478978367518204
-0.5879125788438873
-1.895620103847063
0.6029666301827619
-1.3710686195546808
0.04571491766333488
-2.4513868362308555
1.3111697004192093
-2.4404906210510413
-0.9434951983495037
-0.8307844241401726
2.6014902985952277
-0.8423264136124222
-0.8394606456106666
-1.3344622246315219
0.44909347554171186
0.8014368093134607
-1.2024282111866855
3.8865130721892904
-1.0764797444272456
-1.6171601110255782
-1.1707139679080125
-1.808452009781142
1.792393123727003
-0.8417550286860531
-0.6106751194184067
-1.283392244765606
-0.8929952030660844
-0.8466453599915393
-0.3986771753794998
-0.462509937378474
-0.6551499293505865
1.0974570352800752
-0.2427049539858493
-0.9070967092979971
-0.25289917778133403
3.0143085799355993
-0.1548865421584851
-0.3153089959049292
-0.2178468935872815
-0.42993254990915136
1.650608393692285
1.6675124851543808
-0.3838432933920448
-0.14510563316786734
-0.32617366349453053
-0.5456471424410573
-0.39234222051689627
1.2581906528670186
3.929041506701292
-0.18038695601146837
-0.2652412922851733
-0.38525850239682174
-0.2586710867738412
-0.9707670849828358
-0.4989290286214035
-0.3481802169103382
-0.4054135664353343
-1.1847598628034768
-0.27624735712070053
-0.9920757760993404
-0.21532037781652524
-0.20794683082541576
-0.030414176652060365
-0.30197068965118234
-0.25582223470389587
-0.5742844822620723
1.460919597869896
2.0045827695138128
-0.28091274721586634
-0.08397439174799537
-0.45305732035723195
-0.37377349619367395
-0.3442845205171098
-0.8219310877772609
-0.12415835039083428
-0.2505155348920098
-0.15176472812323352
-0.4177027973937001
-0.2805831207433632
2.5697768057532855
-0.192719883319171
-0.3717243112564905
-0.27906693331702825
2.419660971510996
-0.14390761764962312
-0.5225082326732071
-0.14738184220323547
-0.11953819629094894
-0.008443237066025261
-0.23349637839924675
-0.13150026318668184
-0.22487766747184704
-0.39912748129856235
-0.33720844338813283
-0.25529014783760734
-0.04621342022408975
-0.18901379004938784
-0.2630897387875087
-0.22879497573546792
-0.27765260197359887
-0.07499110889079982
-0.06190721600079502
-0.13355929696902707
-0.3419365034783558
-0.27995978941805744
-1.0716374863570344
-0.44768172698574515
-0.4706289163422532
-0.7972793381860186
-1.3201307616066367
-0.3930024015567498
-1.05257882569578
2.5068166298914787
-0.3564199257114815
-0.03766034263047817
-0.3505467670321524
5.111246293985074
-0.5861557470556975
-1.461049262946554
-0.8739705229873447
-0.3778722979347976
-0.11865932970407377
-0.31610652016005925
-0.7272067994615923
2.6784121505371767
-0.7424580615435825
-0.2306299665274245
-0.19795689029978403
-0.2810114620092733
-0.9458300729748649
-0.764039556035014
-0.8652614668213441
-0.4762081940008877
-0.3725433130003275
-0.47294971032625255
-0.9841595130765317
-0.22835333117151066
-0.8241311247177766
-0.34309168456234007
5.14328338879048
-0.03021586244538038
-0.33582754484362876
-0.3202486993134009
-0.5965502917511459
-0.7315646631190145
-0.7340028941319993
-0.4005664903735108
-0.08897175606879443
-0.39123070614791244
-0.46351261279744516
-0.3288372872873083
2.6577544657220287
-0.13955026595949446
-0.29476643189838425
-0.21556134841075927
-0.5213642362840716
4.095056664563711
