-0.013589300808031002
-0.01883124919705484
-0.027806995849625427
-0.036573432595344124
-0.03928041295682744
-0.03393371403777508
-0.021932116272907642
-0.013149953858612277
-0.020537593418038957
-0.017339562966911276
-0.019847323504562198
-0.021891164819908326
-0.022509987438968593
-0.01714760486287223
-0.0164579233810022
-0.01612088949907392
-0.03389581556513083
-0.020608703259500483
-0.019445510974082925
-0.009440642970930807
-0.003648801295041526
-0.0053352765130285085
-0.012231825802234614
-0.01433866090097996
-0.04816535841396824
-0.016480992960492602
0.00400160379431623
0.01975244590145908
0.019704828596547534
0.008448570197002195
-0.003256599137488811
-0.0175932724319684
-0.06719328102727273
0.021812651671988426
0.04851741323074097
0.06070271498731189
0.052290151592427
0.01612761468323376
0.0024898946996989024
-0.01548597464085863
-0.037650233883193565
0.07948002108689245
0.08348395574005371
0.0648578088725232
0.061613606246284064
0.03514839114856105
0.016124285521302517
-0.021009482230525456
0.04303588439517153
0.0814432552082921
0.0286192925801112
0.012351681804072895
0.049399229516777554
0.06214301365563593
0.03258087340885868
-0.0258499167007816
0.11125369399482052
0.0029212402202459242
-0.03338363708407455
-0.01165033007346905
0.0738479817454542
0.11179590190151417
0.07032547927447202
-0.02435288749403451
0.1513623240386321
-0.03128465563069675
-0.015096506417923906
0.04162858367813699
0.12398577609358671
0.16354615070823575
0.10182184296183688
-0.019663934657205395
0.16493931884137375
0.010498350542898466
0.04379790755170887
0.08053975349227281
0.12253488313148314
0.16233160600353147
0.12223189809925893
0.016406668577764072
0.11858544039744928
0.02622009639324041
0.0371404059244172
0.049903902245446774
0.05242346182893701
0.07458109126137541
0.10242155030268935
0.07516754914266786
0.06371687218138572
0.015633758817110155
0.009497401416975807
0.0004335600438997167
-0.017480115115133282
-0.006690675600700913
0.04482054446005962
0.07288815895476286
0.010571699510098787
-0.021134693660672332
-0.01522923276326904
-0.03223727649841329
-0.044790758517186724
-0.03396657038303047
0.008287090828010546
0.04297110112934602
0.0019216427000304237
-0.017019859384527103
-0.028070808553076587
-0.0443779669235147
-0.04874184180398133
-0.04171278517511939
-0.015658696935979655
0.01809708691702855
-0.010753686035358381
-0.02575385878303349
-0.03313694056766592
-0.03792788522229434
-0.04642135206064957
-0.03785801449664894
-0.026333845935470834
0.0008483158759065024
-0.013148581352111222
-0.02663724504169318
-0.039425637494792665
-0.04650501874332007
-0.049992950648746204
-0.037784810143554365
-0.021848101056916813
-0.005426727937654252
0.037256332004930566
0.024382447963114742
0.001299778576289351
-0.019695918691480283
-0.026980816465346058
-0.029519916356250078
-0.019795257714368963
-0.010486619005684872
0.040487272606831465
0.02143943440873758
-0.0035022917388577712
-0.012709747967527246
-0.022041473455163663
-0.025271682779991866
-0.02182003147012246
-0.015897001757377516
0.03984728014186695
0.018758864327484942
-0.00548125926511378
-0.017969513150249194
-0.026578990942920572
-0.030031756324756603
-0.028754349084267966
-0.023254527085441706
0.03384509238576339
0.013631315880185624
-0.01136496261477915
-0.0251942885366331
-0.03545137383566557
-0.03608062012468394
-0.03340977741061346
-0.030819360595168932
0.014743979368214088
0.003383349739135344
-0.018662659062508358
-0.03390848737168939
-0.04499897859152224
-0.046121713181353496
-0.04131813238827314
-0.040221616545766836
-0.005042824605454979
-0.003824637461122854
-0.019377752149723183
-0.03322746813861491
-0.04423965062033756
-0.040561588215677
-0.039840326227578604
-0.04308688348950829
-0.026421871946238962
-0.0007805467450635595
-0.009715461550562965
-0.02639952160038539
-0.03462118482414764
-0.029058275423461788
-0.0313860281056112
-0.03976441725464988
-0.035884804779334756
0.014578696206761
0.00424914072027438
-0.019017426476686583
-0.02737941768144203
-0.009391221158041807
-0.008830149559498235
-0.026257460499275243
-0.045216065862319695
0.023530776474577686
0.02229905762237165
-0.005188023136473152
-0.004875430151722093
0.008234380922827689
0.014099472098469804
0.00235900084899765
-0.045449658083375144
0.026885755755576113
0.03872129116868214
0.01696142163336617
0.00886576985355958
0.01357643801667105
0.018802207762760814
0.026552619314254122
-0.036942654983858667
0.028351402470749798
0.04876101093375418
0.015810121528997523
-0.007547671138586898
-0.0010749442036676604
0.018501513585857943
0.04641852780761932
-0.02342217977015504
0.031715248608030024
0.04637882199957921
0.006383935604588942
-0.01686836170001381
-0.01198924968548587
0.02830997733730023
0.06253349049778034
-0.007576028908260868
0.03741509591530118
0.04249240763878423
0.004599008059439413
-0.01660602720733978
-0.0012320211417472665
0.04227190720506002
0.06050336855525454
0.008529139413906428
0.0400827244941504
0.041279995578324374
0.002752319196917763
-0.006407814723106475
0.019691959608171328
0.059168896543080496
0.047321856163294845
0.022987473863802402
0.04129595935178379
0.042867844806078415
0.020155130417859046
0.026792556124056066
0.05035487932907057
0.05665682710432152
0.018639773694819214
0.0254429554622167
0.05279467183327528
0.06103673100655896
0.06357324517020646
0.05706733647186546
0.041274605343641066
0.02018970281340239
-0.0024060348698827817
-0.009076908432368858
-0.011792450377056674
-0.017118432325416155
-0.019938723680498427
-0.01462839666084198
-0.0062693849832627935
0.0011447166791314078
0.000711334631643204
-0.013054094999641497
-0.008137786348804299
-0.00900256290446444
-0.004108940074629682
0.0007021179809861833
0.005581130731739159
0.007586481758535379
0.004305303256217696
-0.019232997512185962
-0.006350274295387592
0.004859729848926776
0.012353970323551566
0.02003747285505597
0.015987770441203142
0.009352322404496793
0.007348749679413985
-0.01974002799800484
0.009916269895656846
0.027943529889574548
0.024620199283166805
0.01933811966099952
0.0034515630568504596
-0.002545338451189344
-0.0006853049598338767
-0.013827406529302644
0.04140944978694491
0.05379465428825093
0.0412023869312807
0.01586520468330349
-0.0020896875720652908
-0.012893427770923834
-0.01484905229093475
0.02334887258549645
0.07115175045392447
0.03977459628190755
0.006738767642525081
-0.016069151543275276
-0.027663866547959715
-0.03634101456690794
-0.03807390974104352
0.0704806616575053
0.041830629270837194
-0.0124240986500882
-0.040856922489609926
-0.04979279243108772
-0.0466733582791411
-0.04618370800321053
-0.056545218151652143
0.10547535010281027
-0.005363728274407342
-0.04810542064437723
-0.06559667788586598
-0.06477433951078088
-0.051577988041386615
-0.045457846360002496
-0.059570935597653196
0.12086444395785123
-0.038554676990544434
-0.05884332511476179
-0.06741746502805199
-0.06463003832403708
-0.04910410409383705
-0.04629595550404489
-0.05307047915940958
0.12862670375390511
-0.02641955383998562
-0.0475438595458727
-0.05585909984121265
-0.05208456055287927
-0.03906307420696048
-0.03398517875924742
-0.03353210094912318
0.11199539707571704
0.007542134102466347
-0.019199734266445695
-0.026620893426667513
-0.0193189979858832
-0.006906483839362071
-0.004426239555364142
-0.008058874128679679
0.07869751306650055
0.039044231962839016
0.013445066104416786
0.00852863775221352
0.01319744527816058
0.02081319708560528
0.015885085350236583
0.0026880319715811285
0.03510151942367176
0.039013061294995544
0.02845953525672973
0.01404120097403927
0.013975667116899793
0.020191588904467095
0.012156097211473593
-0.0001365572754658817
0.005924205498432755
0.01612057095019409
0.023367323242337604
0.017301765866990282
0.009265715707582986
0.009858242506171566
0.004944114999496152
0.0023811727821037576
-0.006453934018481267
0.0006733640251341821
0.004828860476081803
0.006729824601000661
-0.0015189491319669846
0.0005988567449030785
0.001109789031641717
-0.0009185036316127493
-0.008832527599825057
-0.009756758090044282
-0.009994135892494954
-0.0060200843586663555
-0.007185293559097972
-0.0008369827413060582
0.0040857005037046
0.002006146095249406
-0.007586627892830516
-0.012883216559410327
-0.02477765424578593
-0.0252873780910631
-0.010844640081524304
0.013495387755094734
0.010821145323132648
0.013950592131364278
-0.012131223072386524
-0.01641292454064952
-0.021908351315377557
-0.01569683230589469
-0.0012768919370596543
0.02251107314549433
0.014159345966444914
0.016215739259190995
-0.018767149182623538
-0.02239553441567395
-0.025358070195396328
-0.015442155597902907
-0.002518567835423799
0.01913005757087649
0.017450256010804355
0.013907318167953486
-0.031765573137142455
-0.031954889569494487
-0.03669647424081071
-0.02628118361850562
-0.005818226950661129
0.023534734790936096
0.022795410889340728
0.008351837287361774
-0.04871496658512782
-0.04571911865744974
-0.04964930515271013
-0.03761454598763478
-0.01490623308583243
0.018225540932981843
0.021553328136552544
0.0012355631806315603
-0.06600740760730112
-0.05416579861782603
-0.049210040344905615
-0.035017003847256395
-0.011332364746601375
0.02321068204937604
0.028176716313561237
-0.0024242958809294612
-0.08109560580171882
-0.05809084929218882
-0.04171350927511011
-0.027320757234673976
-0.005683485598466154
0.026103710211088482
0.030310374542744545
-0.002950666122042034
-0.08623125364986534
-0.04297717554880842
-0.02425634132054738
-0.016502018284790865
0.0030334931722230674
0.042334861137051205
0.0359971286047307
-0.0039555917566924115
-0.07501940941041912
-0.014521451680016173
0.0036781232577239864
0.00025328505770849663
0.017817576175751443
0.056858426467198186
0.03660350190968392
-0.009190918323483954
-0.04082111413561745
0.014339972919058322
0.01576033172729857
0.003583039480520668
0.024882405906394234
0.060038117516240386
0.04000684244237643
-0.013695522395837989
-0.0012910725267349932
0.014766047761355927
0.006303118521800932
0.0012929691773754248
0.034340078035496796
0.06656428252186264
0.04221133491553017
-0.01895661887907013
0.04234252426540752
0.027592535225325093
0.006626803957656413
-0.0031775865768840506
0.022426427293242412
0.06251377442000496
0.041599626586568184
-0.01052769871610229
0.06697018248765363
0.03070849718773812
0.0012898076966001426
-0.0018187709870703395
0.016483766132227323
0.05193605253998901
0.04668617787402872
0.010366849972677672
0.07367413087755476
0.04191208558647779
0.007888002147616271
0.004144741100464866
0.020882535447803496
0.045979776330758115
0.04659596432604726
0.023143789793168917
0.05615716689834399
0.05949483705500064
0.025633938113420074
0.018658218448930553
0.02018750617346493
0.029612511328178603
0.03994590446997298
0.026853912185199412
0.025949073873513973
0.05671363991484851
0.05667792146273644
0.04597229548450818
0.02577663713583378
0.018219942469128836
0.02128302636064222
0.021372010346262696
-0.01626497478460226
-0.021892306071987833
-0.029903542440947672
-0.032503330294360755
-0.03029488154891216
-0.021040748099650175
-0.009678485770723694
-0.005459884942084381
-0.026310304370719642
-0.01873820167036594
-0.012986244977395978
-0.003673267232447014
-0.004475951827507985
-0.011482580293468103
-0.012079287992001642
-0.0011712360449493697
-0.036125692317470814
-0.002516385154106293
0.014016442314143993
0.019254237987034073
0.01824784322590045
0.017625564277425343
0.012264076423324666
0.018979139421875346
-0.03866652324036016
0.025261106342174836
0.04772643414383049
0.04346535139583113
0.04257970268953992
0.035591040088287895
0.024436230778460466
0.04727014509193883
-0.02333340645172588
0.08102425229632587
0.0899180464567326
0.07836074070438803
0.06075373444512877
0.04126593469865891
0.031709215952289926
0.06675836980192895
0.05051716037778926
0.11399909848892067
0.08006863411449705
0.04318575701612409
0.03331956694243737
0.03352410345641155
0.033300036825775425
0.04820996317102629
0.11290414464296783
0.11155456793111346
0.06634292986561502
0.057056845363140596
0.08408844498517798
0.08639796442749803
0.05882682159511693
-0.005241513582808277
0.16777690305598583
0.12467768986418254
0.11658590566109328
0.10140170030711917
0.09512793878713875
0.06229443614906044
0.0012703420008509103
-0.08920895088211439
0.1839741756288859
0.10141369136601797
0.08287521772096959
0.03132018428921768
-0.005959200974450504
-0.03210450288319211
-0.07874401346211035
-0.1218817690263273
0.15712968711019576
0.053326613729916816
0.00422122068439007
-0.051861318865250694
-0.07000228776267192
-0.07169389432657469
-0.09063280241855431
-0.09828635774446758
0.1129345123894191
0.08004140912357388
0.040653227786233426
-0.005356193436428902
-0.020044351154078488
-0.017482211109077744
-0.027075409827981956
-0.03120028364591093
0.03410634832293297
0.058844783744304505
0.06543222966756312
0.05316374142016017
0.04841850272321452
0.04911958574705433
0.030029981322280352
0.002007086949998016
-0.011007947054750805
0.035025768065860496
0.04470792051786643
0.044513831753110134
0.040655472701430384
0.04523896304291933
0.027633689307188847
0.0014446484817727256
-0.03588317111361994
0.00020066677747032635
0.010643501236715688
0.021775880042315565
0.02545621350145094
0.026469206789682787
0.015364291266631705
-0.001932330261848525
-0.03222592982115602
-0.020027074813484314
-0.006222620995680328
-0.004021010222771293
-0.010648644340884583
-0.0009732327651994499
-0.0015142934832131083
-0.003170992463503053
-0.02162974437769119
-0.030914825961640673
-0.030740186790157886
-0.021177862644184198
-0.02038690546433603
-0.008859416874909987
-0.000253298443518013
0.002433771244882088
-0.004832648831585351
-0.003972876937588493
-0.002409238078959902
0.00993110411805452
0.029472884012928302
0.038952793525366736
0.03619016440202019
0.01774135163169549
-0.00423207570536982
-0.0011649528110375743
0.004686215694017726
0.012291938536978853
0.016122673905970594
0.020592571207966093
0.03162106657920652
0.03100714228260093
-0.007306708446280563
-0.0043022211928566145
0.0038557218773685453
0.014205966572845757
0.01013978062704482
0.007354742773419742
0.01675330116178403
0.025052937727132213
-0.01222776836267829
-0.008324182052323659
0.003962336194623495
0.010117632583157232
-0.0019541630252765674
-0.008307197123232357
-0.0034718466622545296
0.010299860229349145
-0.0239520867186912
-0.015842284746686197
-0.0005214208574121151
-0.0027010661188252294
-0.019050502358394394
-0.029214262436619454
-0.022895326417904094
-0.00867711628971421
-0.034176659341441276
-0.018030475286352488
-0.0023588931560315773
-0.00513454462466556
-0.024065107400125352
-0.03556931372466959
-0.029287216071861966
-0.02177017502085639
-0.0461790170742577
-0.0216468854420947
0.00133387981251043
-0.00264216238920445
-0.02619156980263243
-0.033632100524335934
-0.029499922855723226
-0.02852225686710272
-0.04462512954450612
-0.009420555207810363
0.012102023694679248
0.005942404297567594
-0.01762269072099712
-0.016548475969336063
-0.019927806237150125
-0.02570179740963746
-0.03015283200989663
0.008250680433777413
0.020671922019108002
0.014705791766472298
-0.004323834193440013
-0.004252414494072765
-0.01265748472297834
-0.02710393884230622
-0.030698800763760914
0.0034324404758406257
0.018016776937430673
0.019900749891551592
0.0022644606067744703
-0.007740690770698867
-0.026103041446648628
-0.037458459416157386
-0.03204584681635625
-0.008915672951352704
0.011236266246068743
0.010496763583244521
-0.0016487991324959927
-0.015733173613620532
-0.02929164221781967
-0.03971720201063059
-0.03064058754778446
-0.018360464599236015
-0.00021033487370952786
0.004732976913020659
-0.009346071709961948
-0.02422677640679516
-0.0307854637954304
-0.03540519939148018
-0.026947438155380254
-0.01986112186020112
-0.006606365156200104
0.00777219772339717
-0.0018020125640845208
-0.018893117585439347
-0.02699070537187806
-0.025990169274299924
-0.017006454319940183
-0.01521369193915506
-0.006227246946361481
0.009989969963586587
-0.0009716240603380999
-0.01408805985484625
-0.019443715076020468
-0.017704756817261746
-0.010097228324643513
-0.009605227931440835
-0.004791023255062754
0.00625877179825679
-0.001369421774022661
-0.009070424563353968
-0.013660768261823886
-0.01063201805306796
-0.007162843820412462
-0.008785501857813918
-0.005721728653220223
-0.0035191319875399474
-0.006203831472881005
-0.01244939614138979
-0.00925464589369629
-0.005816529171458806
-0.004332136610576909
0.013065670047435973
0.04847313820788444
0.07460023953152467
0.08288887281799423
0.06869852732339521
0.04734043799919316
0.013449069716470252
0.01015965900825841
0.04427378415031244
0.06646451522556107
0.05062940318780962
0.05216059778702846
0.05682410227803297
0.05387105955221194
0.02591346000836181
0.021410575194014576
0.05891163003334382
0.06415447265632462
0.04233282234913225
0.05815772365645128
0.07089543912161209
0.05320026531479058
0.022459625714616377
0.02854240092059679
0.050348274579472885
0.04916305076698768
0.048639212652601155
0.06538845152490017
0.08116962042343084
0.053616721187570326
0.016079990327762667
0.009115822439963894
0.02584170919586881
0.038380248196328376
0.04421534962058532
0.06611163535898029
0.08637014691073186
0.05516309552560561
0.012237949142802435
-0.02713365934999523
-0.0021400873032079715
0.00896245575022564
0.021776765681062488
0.046055611453550804
0.07410131617818803
0.07150363314808278
0.01621895415340563
-0.061730890828828634
-0.025475709289394022
-0.01083583544995001
-0.0022371556410499815
0.009420495872055429
0.047253363849757535
0.07112188850595055
0.025609335180464654
-0.09224385837308477
-0.05386089272623934
-0.03424411685317514
-0.031973020244951744
-0.02662282829611779
0.020349609643603057
0.06860389028273339
0.03684804437261696
-0.09661846408467532
-0.058083961599447176
-0.03710700632880999
-0.044768291515299874
-0.03323107303807195
0.015126109435038629
0.06090175253278346
0.04619311408928031
-0.08692783417204242
-0.05328081030682247
-0.03718351353046094
-0.03895403019778776
-0.029022185893557206
0.013409538118446529
0.05142363420957469
0.04892210256010193
-0.06425438393795371
-0.04786644208011659
-0.04087881235567882
-0.04269159579828635
-0.03028443620566512
0.005684813521193766
0.03694303242844388
0.04775734291908486
-0.03526337198587173
-0.032054919255356695
-0.03887247720980008
-0.03750716996091441
-0.02580069261200854
0.00850812591200606
0.03650653175658711
0.05338252476178629
-0.002621642003325264
-0.004568175224359983
-0.016837024053736716
-0.014605805950634931
-0.007716814144024586
0.018528417234484562
0.04477767933875493
0.0582989013074785
0.01768155825661971
0.0185642586027302
0.001779988340840366
0.00528225276105776
0.01650426853407866
0.03268352423010709
0.060737520169481085
0.0524988540157378
0.01937786615827916
0.04080426865377859
0.03137391065932099
0.030843499487310133
0.032604171205026546
0.03958835830673829
0.057168041501508504
0.03150652060725989
0.019415041830628005
0.05532722509448765
0.0790872075754804
0.08903386466396418
0.0762915846602481
0.059209365449079676
0.04317730041894524
0.01199429336790414
0.023262389877020978
0.011652419557580451
-0.007761594317280018
-0.01707001140951664
-0.021899895088748678
-0.018476920569499008
-0.012110994560506572
-0.005263791013440822
0.031553982091408805
0.007299962960860995
-0.008732061941672087
-0.014546222790632002
-0.020173285911053496
-0.01679916219315064
-0.015672848278243
-0.010292121381012528
0.037087440656010495
0.00434458904086521
-0.01419579544515455
-0.01847466114832544
-0.025728382244556904
-0.022493018259710118
-0.020422479797866155
-0.015869154542692165
0.03303963697881179
-0.0026566548528381695
-0.01899358958161293
-0.027033153535354293
-0.031580390597788735
-0.027500738373174217
-0.026794096764487046
-0.02297807727513966
0.019550660929682107
-0.00849732408695647
-0.028390221107145897
-0.03834021284509587
-0.040430407844778804
-0.03784526091865839
-0.03363050566572451
-0.03135872478592755
0.0004458448222217082
-0.012422148962992874
-0.028816633737668268
-0.03524584550281751
-0.03853270959962296
-0.03613244082104633
-0.03299164495409113
-0.03390646486482896
-0.015590796298982523
-0.013492821635881447
-0.02324257875965957
-0.030514674578849488
-0.03637684462909484
-0.03209173900038994
-0.029844888847803036
-0.034066656350903224
-0.02294074723841852
-0.005334168460196992
-0.013515288002301888
-0.024243145067872784
-0.02506729960552284
-0.01593706121581462
-0.01703789693113883
-0.029655066231178584
-0.029178889611301162
-0.00040023252084020466
0.0020045587636827733
-0.008351981701963773
-0.007967430557527022
0.0014450179400920526
-0.0020680878804293645
-0.023063001896799606
-0.029815029485041944
0.001729597790260079
0.018692709281766612
0.005744400497508369
0.002323104246402835
0.010190543625880965
0.00481008975646996
-0.016431226825121548
-0.024143324267398514
0.008299599161767313
0.02407602246318391
0.004124233394755282
-0.0015770996628613164
0.006311572383341402
0.010551588979937302
-0.008306758821852084
-0.013057286265373697
0.020848687159845225
0.022890174067282942
-0.0021522155025665013
-0.014796180664468472
-0.004792370562173909
0.014836639682927033
0.007404831909387302
0.0007103168252328707
0.027417492195839666
0.016497017579113787
-0.007068889545949419
-0.02154393433826096
-0.007704136871721334
0.01954751834213314
0.02237404836974296
0.00913802684709774
0.027143220834513246
0.010956404136395537
-0.01342210872563071
-0.024907161753019325
-0.008004423361495011
0.021658198902970105
0.031001539758809316
0.009266246538881043
0.019383136522188593
0.004463965634620259
-0.01577714084127585
-0.02482556666678845
-0.006079282014983242
0.020349774965938455
0.0304330360598849
0.0072915923011063755
0.0074762179349698865
-0.008646534257882699
-0.02475822654781966
-0.028001975965737835
-0.007733675177497623
0.01832852518163755
0.028584124576319536
0.011031072892073376
0.0525708025712911
0.14615804463540188
0.1856875727442724
0.17209971504318722
0.08567213637310436
0.018269102711346956
0.0007769613649064588
-0.0021483865559947524
3.322483671353016e-05
0.03674915078592084
0.053460972598098816
0.07163219056826049
0.02022670376988564
-0.011105507346838517
-0.015042496259650207
-0.018214767010737182
-0.02593864422115078
-0.014356614731525719
-0.007135981047608236
0.016817354142337294
-0.013809161173872028
-0.02826777042281721
-0.024770689535583056
-0.03021025653020365
-0.03801126012408812
-0.033364761855960066
-0.032793649978174355
-0.013243937192887023
-0.032696448311313325
-0.0389141733263087
-0.03250379956996721
-0.04588070839484627
-0.05104660889394978
-0.04425446858596578
-0.03523307505400178
-0.020287610996457206
-0.04007566382782265
-0.04144086115857529
-0.03798752334055305
-0.06079916203653174
-0.05939971047567885
-0.037051919826510626
-0.016402999754939224
0.0006083486740828814
-0.03333823603744973
-0.04425794621276308
-0.04227442313081339
-0.06812459821505393
-0.05614342454809407
-0.02452586499404237
0.010956898104956758
0.0348459138023824
-0.023379860662030044
-0.046162211648277385
-0.04352357655258968
-0.0716296169544765
-0.04876324153088461
-0.013252529681008762
0.040295260045889125
0.0794275695418947
-0.013323738122444695
-0.04532496648568726
-0.041627050098113016
-0.07365138104549196
-0.04769544081653443
-0.002396977033474225
0.07335307853886108
0.10905805490031452
-0.0037009182416126163
-0.04145474022915399
-0.041197909653015445
-0.06987780968237708
-0.04457811879211257
0.010068087264007819
0.10433765606952661
0.13796391422627247
0.012709868641799377
-0.04141756697062355
-0.046597117999505305
-0.05923301306607853
-0.03783264516309079
0.016354618767660783
0.1235838273457569
0.15139212535630822
0.0205065304501309
-0.04344893936026789
-0.051254020984907445
-0.04623544836061738
-0.03111154497706692
0.021772914495880757
0.12347857933838285
0.14082804068612045
0.03433927517458729
-0.035618408880773444
-0.04486348440057819
-0.03347227550827708
-0.019608886066653286
0.037306647697651546
0.11975606767697483
0.1395962580951224
0.050105675772237734
-0.017907634020639607
-0.031619056081751
-0.022495035081325304
-0.0064832076450915405
0.049328687765710505
0.110735040428865
0.13873783004867465
0.06463167139891723
-0.006248081043548459
-0.018139182085376626
-0.011535451690887488
0.0018304412815042595
0.05451892432916265
0.10493861011909966
0.13854158667239203
0.08341904460882033
0.018780339263085644
-0.004292245744535704
-0.0015822559328408925
0.00555193184163554
0.051724890826191944
0.09154476021456129
0.14722607504077828
0.11495366201749015
0.040970355668801486
0.010093820309982238
-0.0032412138219877207
-0.004290448185663542
-0.008505662367263245
-0.012531333594335892
-0.015472250170880636
-0.011754091104520359
-0.007773809998701812
-0.004343835216470304
-0.006419752003449283
-0.008733303641680956
-0.013379924853386738
-0.01606479608747019
-0.015760803053049943
-0.012299740913881349
-0.010054597364966888
-0.008598861357135112
-0.011290451215921482
-0.013607560777253946
-0.017133524663083544
-0.01960350207643824
-0.01922611918908665
-0.017465053791291804
-0.014993513048254047
-0.013241781537439712
-0.01664070105224169
-0.017866019007394485
-0.021885722495112975
-0.02361530682209667
-0.0226376135910569
-0.01757134811269046
-0.017120672239969104
-0.01758429850455534
-0.02616571989386704
-0.025357149504195764
-0.02934038695977656
-0.029753415618209045
-0.026633445270959122
-0.02148737401608622
-0.021919313126137152
-0.023204269966697333
-0.03635557023727093
-0.032237551510585646
-0.031573866033194786
-0.029828000345314465
-0.02604836363706208
-0.02115313051927857
-0.02222599770035885
-0.023426606700632513
-0.04636434226039643
-0.03619215770562739
-0.03164310582520097
-0.030674352600838894
-0.026873928338912
-0.019890549164229443
-0.021333431405320347
-0.023837085413019043
-0.050551592586650054
-0.033565098897516965
-0.030604391673102325
-0.034857784578382234
-0.029542879071865646
-0.016589417687898168
-0.018297229786057523
-0.023626412154492425
-0.05116423814835935
-0.03250389413883881
-0.03069428193853707
-0.036771138020106675
-0.029668864825229846
-0.01371914661248802
-0.016035912453501278
-0.02504959358125229
-0.048762081915207506
-0.03227530282909019
-0.030426395030283326
-0.03390533342129495
-0.02857471887743096
-0.012485236723301735
-0.016258940900680724
-0.026930070617830558
-0.04121404165773784
-0.03218828441100058
-0.0308027958413592
-0.03331531198008958
-0.028869721635269754
-0.014150645542233442
-0.01807281721930952
-0.027143014685194783
-0.03114406934901351
-0.028047307953456002
-0.0293508809557346
-0.03252478572024317
-0.02916967400693002
-0.014082280574187783
-0.013723694596347147
-0.020660389215306385
-0.02125328070253807
-0.020396100659186955
-0.02274660922516536
-0.027602447069989645
-0.024696344924374156
-0.011988541848115986
-0.008888345736311809
-0.012880307050224193
-0.012761638234278283
-0.012129572868060962
-0.015538862197514075
-0.021325557437606363
-0.02171824670590161
-0.010715592605075042
-0.004612917448567816
-0.006706975067166221
-0.007819534310445273
-0.0064623631190593445
-0.006534144595267494
-0.010410203505760954
-0.0124523706354817
-0.00543457061253777
0.00040856288236829075
-0.0025856685137305435
-0.004912019377974364
-0.00521791818720424
-0.0024326666969754496
-0.00032035378480954613
-0.0016496489035848771
-0.0002865791959444919
0.0006293052238198205
-0.0029883641564549396
0.019146560772206278
0.008327239489066524
-0.007545120846143227
-0.02025450708455878
-0.025941557817630384
-0.023476998901365564
-0.01542462765019438
-0.009150772394090956
0.025849177601247997
0.009193359096978326
-0.008365628291088029
-0.016091829407799185
-0.02136989252312027
-0.021222848639348257
-0.01578351262447264
-0.01087051088049501
0.03424377326000627
0.008647817723670514
-0.012316729356434686
-0.021438945836808665
-0.026980025488781492
-0.02355621751011644
-0.017795017232270394
-0.016809935504774554
0.03220939687758287
0.0035885883311901345
-0.01918470880502543
-0.028520416465082687
-0.028680908258649513
-0.020427652297237364
-0.022420137405986945
-0.025351248915048585
0.021710038206119747
-0.005775169271652739
-0.030149005574260535
-0.034743283900812605
-0.028441297110568864
-0.02442705959359237
-0.028470738395709072
-0.03249857927723604
0.004283172677664308
-0.010185272665850842
-0.024933458730598518
-0.025860803844646812
-0.02266539457179889
-0.017801068878894266
-0.020869261757806457
-0.02900000170562983
-0.011885428249279307
-0.0045160250988729445
-0.010260763645668497
-0.010410503171485674
-0.012554041894284551
-0.009515320322781795
-0.019808174952449797
-0.03019199745843365
-0.022414592806603295
0.006552685454715698
0.0049200836175092855
-0.010828722758459235
-0.01503500163634864
-0.01167019787151613
-0.01824809575594037
-0.03068890206378142
-0.023611925460824912
0.022506454255624087
0.02152972939065128
-0.002196183872380908
-0.012095075087195373
-0.0119626034916933
-0.023484706901577952
-0.03826094490039639
-0.016430266801319066
0.025931971373992335
0.022625851879411463
0.005058635677416268
-0.009006731899896855
-0.013974348016994764
-0.028987761317605942
-0.04234834618405786
-0.004692361488626895
0.023270072835454736
0.021951402079506445
0.00915932320818369
0.00014586093157126223
-0.00825104573360047
-0.028705551304898103
-0.04175719417155682
0.0036239621421595702
0.022539339421037724
0.018668393028595826
0.0066095285767089895
0.0017005320976727911
0.0010391672618507153
-0.013775168698610646
-0.028860920858242045
0.015313081083451696
0.01961952433947156
0.009152316601491683
-0.0004992531511360254
0.002524259352385483
0.010304659021702245
0.006547662136510979
-0.0021887575749785226
0.019466789691881314
0.018369461101197998
0.00034776611671999413
-0.010068137192118326
-0.0029303114421707077
0.01258719362014138
0.01516631964407035
0.013876965450145773
0.019951639286294676
0.010775454884769942
-0.005132096710971756
-0.013483218412627007
-0.012996053059112944
0.0029863846083106604
0.014865953127743109
0.017937798606027566
0.013070289646007593
0.007594198596266977
-0.012868994743426398
-0.021985540792227004
-0.025693305481577694
-0.011593358853037125
0.006372331167810899
0.016393746965580103
0.0003972927399046866
0.007471569965470576
0.053085061791685706
0.07951424154370515
0.05449024647634426
0.01707706000472664
-0.00834398433712985
-0.006367750381555626
-0.006544901697846384
-0.0019953846649822804
0.04289240167106245
0.08600954340037803
0.06522489773349455
0.01551602924108167
-0.014472318374523119
-0.012901871589332654
-0.013251354030718837
-0.011484557953563748
0.03223370916368953
0.0868350466383135
0.07033715203621632
0.0020252796781157767
-0.02297968064760561
-0.022270814368728742
-0.021479452888190018
-0.022077746163889078
0.01744091804484582
0.08809036249034963
0.07458132583672408
-0.012395364335879636
-0.03159431175061274
-0.03089570232661104
-0.03401609766566327
-0.03429889841276457
-0.004183083733320991
0.08065547012227767
0.0701203374331158
-0.02735641073023809
-0.03924426110951661
-0.040838046147231355
-0.047492832676144486
-0.0456072447263875
-0.01814194514010263
0.09033317868911965
0.08064439069153895
-0.03768798977102894
-0.043947438013507784
-0.04360949329160471
-0.06328802709367154
-0.05222419094271244
-0.021903775818499033
0.09693107526691205
0.08164092281216934
-0.048725639912604146
-0.04786693120726837
-0.04408757273748931
-0.06718146782087492
-0.045487423497398455
-0.02427865190392481
0.10274837164925607
0.07215444975690928
-0.0520783128320361
-0.04569135036119648
-0.04221302031844745
-0.06657950727860612
-0.045388420496125126
-0.027647625073109305
0.11390552738705231
0.06619096988524445
-0.04797562126589122
-0.04554166531005591
-0.045025404318794426
-0.05990041155074752
-0.04747423873237894
-0.026635163597445166
0.11810671050844948
0.07124590155177501
-0.039063792087986576
-0.04723886654888254
-0.04807384626260261
-0.049925420008440406
-0.048478252331856486
-0.02331301537688668
0.11304674967281106
0.07276340491313563
-0.03228349194061916
-0.04853670738095878
-0.05131282933208259
-0.033693122019185506
-0.03711583117059293
-0.008679357273791849
0.10099971738296468
0.07387146949244741
-0.022870988383546925
-0.041567703739364026
-0.041599221158051425
-0.02148204274832957
-0.023738921146723824
0.008078310019239754
0.08835489414067099
0.08582469411699284
-0.009751517564779016
-0.03277024361153669
-0.03173045833496674
-0.011434590171128745
-0.01635380377779272
0.01620024736256817
0.0732173125088107
0.08918763022048966
0.004207693421828529
-0.02343646161322227
-0.01983401146384073
-0.0037777902653868267
-0.0076125111233729115
0.028015240207633005
0.06549705591267102
0.10116326621841286
0.02600549818520409
-0.009376260201123837
-0.008652849565281492
-0.0015829926231392677
0.0008264942165966405
0.029019800621296624
0.05676196406905225
0.11427020785945156
0.06573676103740192
0.011897038264002735
-0.00048325649749214605
-0.007413366660735887
-0.012440603369376302
-0.021603144304730454
-0.029150235864581847
-0.030917710018093958
-0.025009619795908905
-0.017632703561722085
-0.01038461064142071
-0.012408432883147552
-0.015510022293219825
-0.02168544077384299
-0.025885783324244863
-0.027496674560650858
-0.02485760058062694
-0.02140983232039831
-0.015998341299872598
-0.01973521959210553
-0.02014063022169671
-0.02740198229244431
-0.03286161101508622
-0.03456925296819535
-0.03206472936246993
-0.027076466047188552
-0.021849785350202253
-0.0253674816504858
-0.02718252041512032
-0.03356609478907244
-0.0404147747425499
-0.042777731757890125
-0.03623705648014117
-0.026500581880965997
-0.025457883711439963
-0.020730451687085982
-0.026270499386135515
-0.025940793745987678
-0.04182824246604411
-0.043324190072445604
-0.027500702944109376
-0.011857560152028157
-0.01790716850131341
0.005421589903245261
0.0009219617988650008
0.02236066672100473
0.007025160018991519
-0.0034765957445741236
0.018082151979072036
0.03975338541812912
0.014178443960770323
0.057342221926379194
0.05116482818572268
0.07612958688454531
0.06213978214098355
0.051937241081483766
0.07321571037488439
0.07142393779618825
0.05663195542767774
0.0595750506257004
0.062453672449766254
0.038652954205915746
0.06461650723230504
0.07668220737906445
0.05210601815412891
0.04193347693759267
0.08904476161655306
0.06423354014836855
0.051604281950263314
-0.005598722539075604
0.05645929214651474
0.07319339015094156
0.006973663649990101
0.004725622438523647
0.10336645609355505
0.0554523774194447
0.007335320545574953
-0.03716054426613241
0.024959158723632857
0.0337687508496895
-0.02829436828305401
-0.02781865777844339
0.08864009754085117
0.01848190644476555
-0.038472462774993
-0.05587507679624256
-0.022379665065227303
-0.021509688499359636
-0.04380674204828516
-0.04408095199249021
0.027640526506138394
-0.016826770975043093
-0.0548902979335224
-0.056572047216960186
-0.0494822261567478
-0.04736851707596136
-0.0446842718196554
-0.04458628194213771
-0.02003129742591439
-0.030169596570954027
-0.04447348571956332
-0.04656033914307839
-0.04640951718310986
-0.04485119592230605
-0.03590752991511764
-0.03491125516788887
-0.03082469017940556
-0.025814529527897534
-0.032816521169601987
-0.03651436984452683
-0.03769954241108797
-0.03791417064884378
-0.03014847289974057
-0.02595358930976882
-0.02150903997313252
-0.017221846104360172
-0.022787823022094356
-0.026732866408648054
-0.028637932389232623
-0.030613816245116443
-0.024840283248372508
-0.01885662107265912
-0.013312170958219127
-0.01023195202542504
-0.017683636676635806
-0.02439036253346455
-0.028085893898640357
-0.03116695607558769
-0.023843340736293517
-0.014403146119338461
-0.007877479658364507
-0.009100971747551173
-0.01584132461277611
-0.026046916395724484
-0.03200205311270457
-0.0340623097287706
-0.028994914616207623
-0.023238599771407256
-0.014269825058213614
-0.007677945524282949
-0.015293201626633113
-0.025799036822436228
-0.0223473731873767
-0.014844032891211223
-0.016334009819205186
-0.016654423855071654
-0.01369670601540176
0.0053914292734049685
-0.01585747835407378
-0.015489955246822118
-0.00872315232757298
0.0011779136650722777
0.003029633220315381
-0.006446279043084258
-0.010738291928790028
0.02878795986102184
-0.007513525437974344
0.001573756828577376
0.01486431077205097
0.017595774154207933
0.026374380667187003
0.014532857946543937
0.00994235283553796
0.08051166205043397
-0.0013299210515501925
0.022930451028491228
0.03935456704383794
0.059014462373391835
0.0653866468990717
0.04451387329063894
0.029862350473968846
0.12157031317177053
0.018688575687660025
0.05667032064511823
0.06140336617821206
0.0670313148947404
0.0696014316506467
0.05773838842506651
0.058745813117827395
0.1300030014709363
0.06109428374968198
0.0863764112693735
0.055533991479564115
0.0021356030848074248
0.01903161696805583
0.07570216759577053
0.10081536823958565
0.11967247058799485
0.12292842521656483
0.10159515772516176
0.01102822059937586
-0.07279536293325065
-0.023619126267498014
0.0926033363358863
0.14070123390561404
0.11305648208956337
0.17073339422076902
0.08850499012301997
-0.02846859575341182
-0.08573652484744287
-0.03363189198529526
0.09712012456849482
0.1651559922232621
0.1054230429192764
0.15316972679778998
0.03953354369331791
-0.047966237613742635
-0.07699185505977357
-0.031863898195740814
0.06565260351467819
0.1813266636193254
0.09150789988994815
0.07906596029959831
-0.02299069927216102
-0.07176895892350701
-0.07482445660951528
-0.04730861266701636
0.015101135512895048
0.18626218692760144
0.08179019402226967
0.007491556242424147
-0.07049743657420487
-0.1007281802622715
-0.093451946508709
-0.06875695476907945
-0.019891555023377333
0.15058164815371222
0.04677254013504811
-0.03179632276966367
-0.0764563016675662
-0.08706529847185471
-0.07905790903687104
-0.06488292027419697
-0.026179907151375414
0.08708650323121916
0.015250802330974457
-0.043035651416061735
-0.06726154202233015
-0.07290300180199753
-0.06587860065576293
-0.053373088453195494
-0.02834359439126871
0.03949792719596834
-0.005434129791051012
-0.03701954862402007
-0.05020216102140487
-0.052153792559863854
-0.05222338500989065
-0.04310855701315941
-0.02396031789713826
0.00886643522328906
-0.01058769530101239
-0.031264578004364774
-0.04492899525493213
-0.050300274804057986
-0.050372819605631
-0.037409879669545065
-0.019468992629494253
-0.003984413524635855
-0.007233554218248006
-0.00580782635744756
-0.011960289554838688
-0.013033005124633623
-0.014691543398006268
-0.01771586073390613
-0.015155589341989406
-0.01409366935992834
-0.012989585639389914
-0.004777532615304475
0.006863347873778541
0.010830262648122924
0.006116288529283337
-0.0015132374479195354
-0.013930264935087783
-0.024016526532056326
-0.014022162070353617
0.01236718186518626
0.029236879319813336
0.037065713784624255
0.029023329350213706
0.026005871975545436
0.0009076303632692961
-0.02778288490847207
-0.011797873482485455
0.035958611845858524
0.04601347870530076
0.0425638920325417
0.04172287761958515
0.04508640836877997
0.03562658859622275
-0.009103126366474174
-0.004566204152175624
0.056896313776648666
0.0629137417913933
0.051786619176375476
0.0484246252495549
0.06013541530495976
0.07234008980710308
0.05037587904116403
0.011480813135547843
0.059939353036097376
0.04071248880502104
0.017282147044147655
0.001925925294447961
0.025209748810668953
0.06527644727937769
0.13181532276293148
0.049641007475471205
0.044010148312398606
-0.01532075473424599
-0.05441666854040894
-0.07208223992618329
-0.048902423060718014
0.01499009894992296
0.19945382570053385
0.0968110530685316
-0.010563004320824187
-0.06646462567948186
-0.09445047526689618
-0.09685931529486419
-0.07598846088861312
-0.036886646620145624
0.23178432176696176
0.12076940351022666
-0.05377195745554214
-0.07767326450485625
-0.09806879655050937
-0.09430849401796865
-0.07289057536700544
-0.02301202249978998
0.22874422960727608
0.12865378760552604
-0.05726940130207732
-0.07323700186315359
-0.08067006543312805
-0.07500064379621435
-0.030929597894874983
0.0446164939174333
0.17748042511205864
0.12737939346918992
-0.016516920422266247
-0.03298682579543818
-0.034739395212178004
-0.01526275515992756
0.04557898949404926
0.09293578530604234
0.08763260189482736
0.09967238930579604
0.024399720150499127
0.017855416907116728
0.02246424585946041
0.046182142731170384
0.08440293076678201
0.07620715246086979
0.0006343529457977781
0.05894536746246812
0.03754206936742341
0.03248814934191335
0.03555253344532533
0.04988801530713266
0.057930039089805985
0.03431217123659418
-0.032785272069075666
0.02100218960562974
0.031376777460072
0.030712583625377654
0.030843421755076213
0.026100163980934732
0.025956729991211708
0.0017936122560504014
-0.03713844924102483
0.0015208912309757627
0.010836931174627695
0.004086899983916897
0.0030447328131809615
0.005198115737542919
0.006017383173942348
-0.015079859645363514
-0.022268344009739843
-0.005855129643401846
0.002733210315749496
0.001507135426304429
-0.0013538883381718804
-0.01054162612103543
-0.017519058896665496
-0.017848672245712696
-0.013958161938250502
0.007190473983284897
0.03669806875712783
0.059403131161142375
0.0760623250992232
0.08601749315896196
0.084485764365261
0.04506022939777288
0.004756691982381961
0.023322278341318503
0.0467474308756812
0.05175750168090271
0.03127614966886899
0.018792079699285535
0.05026161291874298
0.06810023303676493
0.027780242265943278
0.029349045353073797
0.043376981993010155
0.04158013286084661
0.011635468558763573
-0.006104854303898288
0.01585251574616081
0.06708473354525823
0.04418001811408384
0.02031429415936109
0.045332617899462746
0.03661211639952826
-0.0035752359197053774
-0.022801452307626126
-0.0078115941758003515
0.05037269018677169
0.053587870334163734
-5.7703722329882634e-05
0.03134052297291075
0.023399642420140532
-0.02054207895911825
-0.033154914670647226
-0.004750618009152219
0.03422700826784886
0.04354650279166544
-0.02154169343205381
0.02882165455885355
0.02756084233326122
-0.0052442047745074605
-0.010739460418795754
0.013552834013159265
0.028762456633716904
0.024928002927811388
-0.03817792978791418
0.026286849068326845
0.04059808847824954
0.014757662346363179
0.006261840360640536
0.022694560300510508
0.014818299616069203
-0.0019116483334904039
-0.044986795861424164
0.03526911453998932
0.050823040956336156
0.010941050157724397
0.0026883060926864433
0.008170833427608104
-0.006002447580174467
-0.026842577169905596
-0.0490726111014923
0.03376535476777777
0.04136025917516439
-0.0010949455978810918
-0.01883295854734862
-0.020706391830226212
-0.032316551713443116
-0.04570059188834741
-0.04809193620114277
0.03077310702649987
0.0322700941922448
-0.011865871340833112
-0.030692689950697294
-0.03196995439214029
-0.0441686439711019
-0.05527517790641731
-0.04028447658567169
0.02087813366218169
0.024436865737132024
-0.019412248795372025
-0.0357880393135912
-0.03938550709096761
-0.0504595962212214
-0.05894649865428184
-0.022382213480800328
0.01857695799752357
0.021327219298217237
-0.022554239180824
-0.03703770622392438
-0.04046823663919569
-0.046983897204475156
-0.051374752721917494
-0.006267558797293571
0.02069179748189104
0.02328169443028498
-0.012974688281529811
-0.029568549358620674
-0.0344235336683663
-0.037834090217810756
-0.03759682495498001
0.003963273025023306
0.022087509234307356
0.03102937508028014
-0.003983045084182124
-0.02668287162844124
-0.03179118030546846
-0.030222207606756306
-0.025158942395114237
0.012798345211689655
0.02076205657216068
0.03191654960097495
0.001694125627616061
-0.02084567360013856
-0.023721679576955812
-0.023817381732349152
-0.014725819228693648
0.012908022740239944
0.015377089631806756
0.023152373988378327
-0.00562639686778299
-0.02530992803088089
-0.025376272742098485
-0.01968680887860108
-0.008891551228840194
-0.002397740561925099
0.00021910026051336073
0.005678414378712471
0.0038800021010618746
0.0010966325662437049
-0.00043669817391907284
-0.0012768394004313843
-0.0038518309598660205
0.0006828585790145669
0.00866391650592907
0.008619974592555313
0.0003371405609658429
0.00060485855820884
-5.457439930772745e-06
-0.0002893834493635228
-0.006474403783077842
0.0037617881065651892
0.010534917854479298
0.0008275762978298129
-0.004318049988825012
-0.002371587732569125
-0.002911330383368105
-0.005510142732429113
-0.012238389126268123
0.002601180231988895
0.004927328428631403
-0.00480941272867158
-0.007685961192206714
-0.004155882001967347
-0.005948955551481283
-0.01230895227566886
-0.01759304558479005
-0.007764659888441494
-0.006498210404996763
-0.015484000016972144
-0.014766206190632375
-0.009218775679116054
-0.015073360992409662
-0.020231269774231453
-0.02284816432269607
-0.02197043825562542
-0.01508345874814604
-0.018324146501295907
-0.012062348245229532
-0.009503593112978825
-0.018342367110964278
-0.021618287884189666
-0.022907887410713923
-0.04030824539793482
-0.026457280486978707
-0.02024067043229194
-0.014092004179988321
-0.012672035988317232
-0.019883835459079652
-0.02241239558030042
-0.022517772534015632
-0.05121126233151413
-0.029154415411470153
-0.02232729770539965
-0.020751407330339144
-0.017308816022031964
-0.01725863552847846
-0.017070108429636965
-0.019640915676357368
-0.05444714534956691
-0.03169926342579438
-0.026761653563031285
-0.02418860143403473
-0.021469502675884766
-0.011872351127983405
-0.011314857252922111
-0.02082890011399527
-0.05196571391256116
-0.03362731456135404
-0.02661778468800674
-0.021447600045121862
-0.018641106379787054
-0.01045888547596946
-0.011738622141037658
-0.025636272588185738
-0.04541339026215846
-0.034874717314498566
-0.02774116829726625
-0.02277469627017903
-0.018325242499514338
-0.01049965891208865
-0.014504477048952052
-0.027196931914658884
-0.03549036555552465
-0.030441622496615695
-0.02502092414435203
-0.023572949365320617
-0.018161974337161046
-0.011744544732559863
-0.013378045579633069
-0.018836815069107282
-0.024665728386002082
-0.02406183772024323
-0.019631881899719317
-0.018271172542135727
-0.01474561662922827
-0.01013727756924715
-0.012146055648009357
-0.007186611441881683
-0.016821628129149058
-0.017401913231170685
-0.016281418512805623
-0.014105356899682231
-0.011301681070164604
-0.0062351397092612615
-0.005385976446231122
-0.00029686424029123915
-0.010156030892983212
-0.012173773869647686
-0.011508230771245687
-0.009962136582298886
-0.006470459341640644
-0.007045047404341642
-0.0010460029594702713
0.003240250825416152
-0.006202939376648342
-0.009017674289972022
-0.01046920563369666
-0.011240101480807063
-0.009122258744465428
-0.004050775024240949
0.0011696342260893444
0.00035533314139430533
0.0003424915124315975
-0.004018154049948541
-0.008318658022328396
-0.007248254742037885
0.0038595625203582395
0.017501069682543904
0.030089759126757116
0.028843903796719583
0.0042457618957202625
0.0006079731324455939
-0.0021443621076903674
0.002140760764309968
0.014395160686098196
0.019222541037118013
0.01817320958758835
0.020374448571156334
0.021669720572984108
0.011422351706771139
0.005546982011353507
0.010287851407330517
0.020976416625934247
0.024468079713207525
0.025064928948974885
0.026023735198433928
0.04023885232651209
0.01817294174753792
0.017919194671407013
0.022023410280287703
0.032972172080918016
0.03107453921556945
0.028852528824359902
0.034834816925872036
0.071417845386683
0.026892290613873257
0.028614715703168314
0.03979194718481868
0.043988425209303905
0.03651318411005594
0.03215663573000056
0.04404617700127195
0.08922337670999776
0.03864144294458732
0.04449190450317955
0.032166003761942834
0.014578067335952696
-0.006831773522365667
-0.015970983385258188
-0.0002472280707213892
0.09191100079396106
0.06342684101607356
0.04934265098837398
0.01208631450163572
-0.022684784771100565
-0.043694714186312766
-0.05507351945105865
-0.04393498618267161
0.07852747068524321
0.09215166733120234
0.04850068736027016
-0.013481370401262432
-0.047751273087024176
-0.05436466298995529
-0.059569345352884995
-0.0661629524821386
0.06620633301115669
0.10852646640808228
0.051362610965852706
-0.02318729524457408
-0.05167506632458095
-0.05152843175368156
-0.05743563493348516
-0.0722785495599227
0.06028599281797503
0.09492101508920847
0.04472402502985279
-0.023256274685973466
-0.04223487328232478
-0.04460893465353
-0.05847805864644043
-0.07809506416100748
0.0671264070599642
0.06716255882858652
0.032605378743864155
-0.0232311435939234
-0.03565806161800811
-0.044484061856841214
-0.06445711356451306
-0.08439597116002284
0.0701034307537573
0.05556670951126237
0.020319902845780613
-0.029582669881525747
-0.043023041617678795
-0.04732881305189385
-0.057152287806340685
-0.0716106231537412
0.05719145953460858
0.031884024592409854
0.007549518804587985
-0.02835221863979759
-0.03819628163265609
-0.04056766279013446
-0.04361886567546086
-0.04685590310813226
0.03733239653975158
0.019285229016133693
0.003116325108486917
-0.02411934855144232
-0.03505618537697003
-0.03388198690338112
-0.03521725359899336
-0.03229013367082595
0.02073314835136293
0.009931102409242942
-0.003625432999986203
-0.01901743717494017
-0.027144493345811427
-0.02557493934299554
-0.024470391565748928
-0.018594491733270792
0.009973665023890521
0.0024830264525338985
-0.012593570763424908
-0.02331397827652182
-0.030342144542535532
-0.024240470016533677
-0.016745229762054448
-0.010693484467354672
-0.007353296852828706
-0.008313859099295828
-0.012738706378829706
-0.00643367172566453
-0.0024013960356273345
0.0031214801242302748
0.006849888679571592
0.005496503164178768
-0.006581968183942327
-0.0023010762276217556
0.003917859965991699
0.010316475071731918
0.009426590582110095
0.009504180405699003
0.007698104163388911
0.006276772124193718
-0.0018183278929217728
0.015306500368057967
0.02273432466285341
0.020808683367468883
0.015577140349826726
0.014148801683165624
0.006659044273953196
0.006858902190338333
0.016409933591328932
0.03141319857325192
0.026774398679971556
0.015570711990897934
0.011940571725303828
0.006819163201042977
0.00010087813679171553
0.00388179477341255
0.03123116448232033
0.03118327489777384
0.016078105785266583
0.0003404674030658139
-0.009672349427835764
-0.016798702549200212
-0.021647819297802295
-0.011188730783206119
0.027765102363393357
0.02673243514887913
0.006992499565796589
-0.018046563528543946
-0.03162979961350926
-0.03569666665227689
-0.038682768410484625
-0.0339331117394952
0.0010055997825388213
0.024069007330959347
0.030176985497633813
0.0004259260329498027
-0.02143359473436851
-0.029647908648512022
-0.03730109923303074
-0.041709484665584384
-0.04322845163612876
-5.686673561020039e-05
0.03430266439016372
0.035609876896668
0.020227386146478066
0.014581228403022284
-0.003742593427317878
-0.02489831013366761
-0.07832917053031925
-0.03516512583393342
-0.013678921592625952
-0.0035354720175801158
0.022587403793655036
0.04461224359874275
0.044212253608733765
0.017010319682971176
-0.08398533567598793
-0.05327711890804157
-0.04226783499949277
-0.03635945351802237
-0.015642743846505353
0.018603928602296982
0.042655307392098774
0.05162498812027161
-0.06939270505351453
-0.05198715282236202
-0.04468269064746708
-0.04254002906058191
-0.024000161273149467
0.01070479654479245
0.035600202079925564
0.06553664917629332
-0.03297245129208648
-0.032578939901798304
-0.027116446634115027
-0.01977255103796939
-0.0017692432538058689
0.01909273656890237
0.035837232455214973
0.061032441737753906
0.00018151677512756592
0.0001645645291745712
0.004600482090161728
0.0050010297706454265
0.011038466761019827
0.029119022569605302
0.03706350604182909
0.036753691874873096
0.00859789498127772
0.0089207102556777
0.011007530775708763
0.011314262210767034
0.008694703662835701
0.02105624624511737
0.018449381213353655
0.011508263860147083
0.007644466297392405
0.006380634521378659
0.007186220907164975
0.0044954171718140645
0.002068284080073618
0.0052947812325227495
0.0048234756457324335
0.002654020672130719
0.011221176109458442
0.007719893207977224
0.004906487550797367
-0.0016387837652043213
-0.010146850382406702
-0.010740236588578922
-0.0066915177771963985
-0.004691093748500325
-0.002074777768551306
-0.004412845144831479
-0.009026565319835839
-0.005644259951571102
-0.0021322193105838133
0.00242523692174329
0.0015542658805644538
0.0024919880371266356
-0.005717738963539221
-0.005643457755790726
0.0019404494066883327
0.013088314065278994
0.01576003559551549
0.008541665995798642
0.0039916862962735
-0.00519676375219838
-0.012661740700195101
-0.011091080492456204
0.006552413886181385
0.021180834521531217
0.019743741586693467
0.014802637750835596
0.002367847851121374
-0.013714606396205697
-0.01937691986138622
-0.015984281008193227
0.003895163964197923
0.021028144045319677
0.01973899417689362
0.0143411500073298
-0.0038357648390451304
-0.019991033076723244
-0.024093173375737242
-0.017575745863924602
0.004971970157906569
0.02668730204349557
0.016580752684197786
0.015039811584566354
0.00015954637040951902
-0.020377022608050077
-0.03296770014702405
-0.02485338426140027
0.0037269368447354068
0.04027352727979794
0.040188356079111365
0.020315821260821765
0.004663511324876704
-0.013813024933768403
-0.02947603840346885
-0.006624678651905885
0.020235055915669653
0.047605320962713304
0.04595941740873999
0.03090762766244093
0.014535596910157877
-0.002308550762939232
-0.02701589532793347
-0.0025456126568049187
0.023444578385212106
0.05101615111896618
0.04620666120282102
0.036955464935520044
0.012743316246327963
-0.004143965406503719
-0.03195660070524553
0.007077478345409338
0.029410751727929306
0.049531223600704374
0.052000806970779245
0.0375456752392922
0.008565946361217602
-0.013630812414477944
-0.05452154359722912
-0.013388901946066234
0.01561242193677892
0.03494381076626191
0.05173145184252448
0.020593150956565942
-0.0161612884702787
-0.03697674660151146
-0.0640624692143576
-0.03822861989734799
-0.009558143988437517
0.02480034336929976
0.0402610806854759
0.010810736324860327
-0.03146390114201497
-0.05159958924531184
-0.05529213061179322
-0.04226629832457074
-0.01677795577155919
0.0216116687913806
0.03585263658445781
0.010859835233529458
-0.025089703363909338
-0.037115220876434596
-0.04156683189422922
-0.03655675953596804
-0.016119374298269262
0.020018332107648196
0.03543081253909147
0.017740554288657617
-0.01167382537356465
-0.01786194791158735
-0.02956240066546606
-0.029456949023016765
-0.013666107152410206
0.019847622153254113
0.03149469210386688
0.023494575653010663
0.0012980088644364285
-0.005635956133879905
-0.018147280863792192
-0.021612789364210794
-0.013495238396035197
0.014529103503991614
0.022427890955710433
0.02007031235264667
0.0069097897475070835
0.0013025323257913612
-0.010150257585823885
-0.020413537814848087
-0.019381829315760796
0.0005488711554164638
0.00579528849744515
0.016689176091498115
0.013528197895491853
0.0052029274729075425
-0.007188212433601293
-0.012860907888374573
-0.02541372015781118
-0.03396444927193691
-0.035831938758913384
-0.026906629806392954
-0.013346575652607856
-0.0034856604523837986
-0.006615783673436404
-0.015783117059958607
-0.027454957925908352
-0.03198507322978361
-0.03435658875884018
-0.027204664521040478
-0.013427791671677666
-0.0005887548726326366
0.01237915947340884
-0.017517909629606254
-0.03621687445209579
-0.04383863691870976
-0.046450706348728776
-0.03391227186141993
-0.01633718539566087
0.022574803113224746
0.04028051688066053
-0.025863953476082224
-0.04935755879537862
-0.0588052229708218
-0.05567962221584383
-0.03583160895274469
-0.016002678119526492
0.04967417946642688
0.09304235974921035
-0.03773074016882916
-0.0684528330525932
-0.07813628751181351
-0.0631695004593987
-0.02885986786336686
-0.0057907683411260735
0.06978713226921247
0.12283929728660369
-0.05425281582367676
-0.07188095188687457
-0.07056747577040351
-0.0476948914993381
-0.007662650229304013
0.011791160002333656
0.08840581171504852
0.1253261298415504
-0.06032162770526506
-0.06982508183392212
-0.06554305357417993
-0.028133877495943094
0.014004254458842569
0.031073812154233146
0.08544769314258227
0.12202986731389323
-0.04853755075853117
-0.06421470273120658
-0.061996803092721126
-0.017389272460738042
0.03640350796990066
0.05087501198433253
0.07477625644947117
0.11701007172663536
-0.02592765279580228
-0.05574005063857679
-0.04119254731612984
0.008773647552938912
0.06307995888525487
0.07152756029183233
0.06135805575212095
0.09778165918127063
0.011961192524561848
-0.017904173361570963
-0.0036800483472066436
0.03586417358908939
0.07429687520661532
0.0914588830350429
0.05684582864215079
0.06602193851993848
0.041076729309748594
0.032546382196219525
0.03462833603755061
0.03700788110815245
0.05440499014156795
0.08204478162128392
0.0521978243439038
0.031143914232714065
0.03800283372347972
0.042138394189218054
0.03417296640517431
0.026787351580485064
0.030773851951076348
0.047654554117329356
0.033892382173015934
0.004961719589466562
0.02545590498828859
0.02835108393462367
0.016288270268450533
0.0057051776268221555
0.012722448991242835
0.015885400435383307
0.01534248973356478
-0.013670941386840992
0.0007710334948834024
0.007995380022973925
0.0048057877503637145
-0.0060278810216301965
-0.005739643918348969
-0.006277971918642211
-0.005625190716088191
-0.01547254635056898
-0.012849245333026726
-0.012242806469707768
-0.012022453015605727
-0.01757938447037599
-0.015542186333181773
-0.013888308479411332
-0.012684254932681882
-0.012387524501935143
-0.017036644499154846
-0.019128377537074776
-0.018692423998357688
-0.022381853366828797
-0.018672530546494315
-0.015244262067822922
-0.010373171654945834
-0.002549038074430854
-0.009671313424553962
-0.019162941629739888
-0.025251066861897653
-0.02621199108150519
-0.01970902608136721
-0.009439621782842189
0.007046355882123663
0.0009652958639977949
-0.010360751103114074
-0.017932029423913448
-0.020804520680991423
-0.02219873745652176
-0.01745897514778022
-0.008647834641481833
0.017631165951079997
0.006415054744506321
-0.011156409799029099
-0.020797268244909545
-0.025645908817400254
-0.02704069874189119
-0.02247443374128183
-0.0066551827776341055
0.02997942860465029
0.008743801014277575
-0.014417233061059853
-0.02717850098482641
-0.03320229905277439
-0.03310636789819582
-0.025034726269490243
-0.0023846810104852234
0.033291131257334905
0.016007354545953013
-0.018092606869165723
-0.03575892456744095
-0.04343846132845264
-0.04108731612808075
-0.0309349899589062
0.000819550254839152
0.029781236089176155
0.01364994858067295
-0.021563294772686814
-0.037736217611549105
-0.04124810720669847
-0.04007702645568878
-0.02591453369444066
0.0074009576673555455
0.01867043244588787
0.00012813085221088927
-0.011942168464222525
-0.0317256729929305
-0.04106897828747044
-0.04076725528384306
-0.01921588354329251
0.010886237332087316
0.004844110759018999
-0.019916588910902644
-0.001773539659625456
-0.019711211570449694
-0.04142829757495203
-0.0393634711843079
-0.010264808377042273
0.010474904337101132
-0.002630014033264648
-0.03336032460925417
-0.0030639530821104377
-0.008182252549894384
-0.03262128786389287
-0.03143674267061139
-0.005371413870076475
0.004915696144609294
-0.011796060790581764
-0.039554005915138274
-0.007332031604801489
-0.0028193646485368262
-0.016646243455548215
-0.016617485428001677
-0.001364615364690125
0.00024836643926642865
-0.020309457998210725
-0.03823218180379065
-0.015494240941754611
-0.0007394003678187211
-0.0013705580447654492
-0.0063739642661699986
0.0010109863116053996
-0.00421381552172756
-0.02612702441407895
-0.03218559345806936
-0.016642366115612817
-0.0015437013278504774
0.003967146563721435
0.00222672593229023
0.004412765940483902
-0.0069514499559937964
-0.024851898620969953
-0.02263511773843574
-0.017488841759947082
-0.0045720077045719315
0.001476382942824428
0.0014532071791806822
0.002996166981052817
-0.005803744607193428
-0.017454304616162597
-0.01358880440865265
-0.014178536035599536
-0.0072222909727401585
-0.0018561103314811561
0.0001596887495511623
0.0018237322804294936
-0.003958548895637126
-0.011843991727078007
-0.009954752317575088
-0.01189859925737849
-0.010695817925453488
-0.008113732441272059
-0.006077751541440191
-0.004095579450608011
-0.004479710507676446
-0.007027551650903793
-0.007388007679842601
-0.012127957332477513
-0.016885537594857947
-0.0172042337026707
-0.016121852021038496
-0.011473348958963264
-0.00769593091571906
-0.005525046612765316
-0.005406988384776157
-0.00950745275151138
-0.017294910789211193
-0.023102623795865987
-0.023864215104533015
-0.018899583815056076
-0.012811329407467542
-0.007572174956171074
-0.008448999361530651
-0.01117751720037334
-0.01632623459022986
-0.01935429312510875
-0.020255976564501926
-0.017577156376129978
-0.01481924434596181
-0.011273184558950822
-0.01355248682153267
-0.015564751094501172
-0.02039017911194621
-0.02370656138032337
-0.025069304048773278
-0.021863792372813662
-0.01912683704201129
-0.015603048625488058
-0.018363948560904897
-0.02163059719055041
-0.026602652642482794
-0.030673067143523303
-0.0312884283610092
-0.026902076740549424
-0.022422945510476272
-0.015655032900695948
-0.01899085571414999
-0.03165142797942816
-0.0370602468779877
-0.04066461652776644
-0.04072665247267082
-0.03469728322023441
-0.024923969744954005
-3.3031134966152176e-05
-0.01121571554535189
-0.03826687506906573
-0.040476966424207006
-0.03672999294739321
-0.03708976724732632
-0.03480954149575219
-0.02260602468953471
0.02150433248457223
-0.0011634970991792892
-0.03961324369718655
-0.03110106388144479
-0.017447574322881243
-0.02886984612324278
-0.03489436391627665
-0.021153709000999027
0.0332036812707763
-0.00021240175181456294
-0.032581364167609095
-0.016128274920702623
-0.00040074401755324507
-0.019443278135403502
-0.02903617030388239
-0.01592472035514808
0.029802370550288414
-0.003338715564044248
-0.020058669721022326
0.0013433476726723015
0.008985490311426994
-0.007119178748651197
-0.013909924222749559
-0.006810066354151323
0.019106939989447236
-0.007107060335890866
-0.0004991229284040943
0.01449337798562772
0.008401438921918969
0.005337506262421132
0.00867931246181508
0.005336924011233535
0.0049656345537022195
-0.01623725067932419
0.0006340092949736476
-0.0015374396850793698
-0.01179601671484215
-0.0051725230436788575
0.009222861968426019
-0.001248407412579075
-0.01617821701295613
-0.02422996310980026
-0.01457696377870954
-0.02201089799929934
-0.027828028720926157
-0.024354198217443057
-0.0116584552871985
-0.014738253510578891
-0.023944814749762462
-0.02618696713066848
-0.02387279799391187
-0.02736389422696088
-0.03005553064281008
-0.02841883139343146
-0.021897501106600936
-0.021932407706113044
-0.02191444263459629
-0.019517305075199748
-0.021283412958725156
-0.02495423250674128
-0.02688985245073712
-0.02759417553027793
-0.02193793172560593
-0.018480537978849187
-0.015465122163359823
-0.012108539834829207
-0.016415953262826063
-0.01995898718535183
-0.0215902827829674
-0.02385136706871191
-0.018979318942819706
-0.014364065881858012
-0.009066826167801634
-0.007585928143709009
-0.01340622311105899
-0.01898148630229085
-0.022125842787252048
-0.02489087605878916
-0.019218098449288346
-0.011200004444534124
-0.005651565556693161
-0.0044364167170748425
-0.008898673191624185
-0.01743876246001458
-0.023291886489050118
-0.023906904654167116
-0.018413108701819947
-0.01090700049173099
-0.005000808290379549
-0.004647388478103476
-0.010304446315668458
-0.015825759874210643
-0.018319359466497903
-0.01872457882352982
-0.014815592746810095
-0.010525468770385932
-0.00676331393474866
-0.004593297941903829
-0.011301406140921698
-0.01736105272152888
-0.021196981926306258
-0.02153888249062388
-0.014748966857563203
-0.008796399851177278
-0.0057717681807679805
-0.005629804080649448
-0.009986765406652248
-0.02018961920742591
-0.024944568936468736
-0.024439331655502577
-0.01120907092220308
-0.003689013573826727
-0.00650785590065911
-0.010349244632888333
-0.009953957901308264
-0.0221239312042949
-0.02872357992348029
-0.022313635609305327
-0.006702699341620294
-0.002808977272202251
-0.014451885901584222
-0.023835344821965698
-0.011518853054955064
-0.015860891949914246
-0.021157059026598535
-0.011164469466752189
-0.0055732057088910825
-0.014888800389202927
-0.0257024679746932
-0.04470203667170053
-0.01776959553097196
-0.005469878347162699
-0.0067693352114634175
-0.00627723863851426
-0.012336529909243166
-0.02501268037219745
-0.030369811032322946
-0.05842138358637361
-0.027201602664004343
-0.0018548953576156962
0.0001597695205026728
-0.008645351600975432
-0.01741196172335807
-0.02570112396820229
-0.02875097034934626
-0.05982075160356075
-0.02462628003374342
-0.0021551458624329643
-0.0007296932768010578
-0.008821032451634403
-0.012668644934748785
-0.021586299039327066
-0.029673856360227558
-0.050118637145769404
-0.015752686308620478
-0.0018328255788797737
-0.012488301156863058
-0.00802415119811347
-0.00011771755405148854
-0.01371895431656078
-0.028391627631346297
-0.029653693912903956
-0.00920446191084262
-0.01289465715007776
-0.02646897206690818
-0.02176730660570446
-0.005836439857408837
-0.007727520274472266
-0.02002797378040094
-0.014182876070753692
-0.013276119595559521
-0.024191875872590113
-0.032280797098884095
-0.02875455607464561
-0.016634838909781097
-0.012313790069793856
-0.015334367934514481
-0.005274074916682258
-0.014886510460306202
-0.024271300218305036
-0.028319683980512822
-0.029215408380134922
-0.019058207111501968
-0.014304307927743065
-0.012808501019970414
-0.005428775729560124
-0.015580756848767141
-0.022258359787828558
-0.024578752864138964
-0.0267106421277431
-0.01949525103784064
-0.012690693602575132
-0.00870369555805639
-0.0075810339750702616
-0.013815398877130763
-0.018384471967264046
-0.020048033276933386
-0.023118813484368395
-0.018016838911406485
-0.012632516534643257
-0.005903437566177019
-0.005328323426285642
-0.012249290327589257
-0.01863255104593209
-0.02162015745984478
-0.025200443465119682
-0.019490978337316056
-0.010837259995191723
-0.005269315842613254
0.01990170927693853
0.019406787877165044
-0.0007786091435075526
-0.021540935589599422
-0.02364096628029755
-0.008349512989940716
0.01826292669161611
0.027015237001229986
0.02431359153137025
0.03332798065276221
0.016241964416021683
-0.008955694257968605
-0.007836272970994262
0.010019568391334888
0.02723791539537057
0.03680947747705443
0.01734999441069568
0.027061062799194707
0.02481745968759802
0.002070020141562573
-0.004051102937692785
0.018505047356354276
0.036829462601330465
0.03338838369708497
0.009277990316174878
0.013382682371986143
0.017734511449835684
0.01642172013727955
0.009662411733869334
0.030885426275370324
0.042742080337627164
0.018323182663748216
-0.010408710517076758
-0.005940891460493699
0.00598153476809913
0.009454435160793112
0.014256282536898673
0.04109615572261677
0.03505425548157602
-0.0006732746032229175
-0.034273935634710206
-0.02055705467656055
-0.0027825384755594262
0.005301060956866194
0.01970620469285278
0.04365086046448796
0.018275475086224235
-0.007089486293350988
-0.058237112491011045
-0.03909887232204315
-0.016317407605904333
-0.0007171483717676591
0.024434479694131817
0.032995417543168225
0.010364264939882073
-0.006587890527859373
-0.07153186982937337
-0.04507725416758657
-0.027393467418562134
-0.005994623112193009
0.015671737219935283
0.008349044954988616
0.004753474711775174
-0.010239685102036017
-0.07462221413082543
-0.045150723671365744
-0.024066416859989267
-0.00687542909454425
-0.0007541195167078962
-0.001194539072515155
-0.00391166832078893
-0.014369219252926724
-0.06899787315986242
-0.03984816725725021
-0.008394980284332082
-0.004222371220855503
-0.009291081743206808
-0.011913298228516056
-0.008624105319636996
-0.01750127667545659
-0.05441741210429457
-0.0241754937031812
-0.0020328420867719577
-0.014262851134142551
-0.014633673481307952
-0.015628787620378976
-0.013386527389435077
-0.021297719511867597
-0.034153501401363195
-0.011071439248158788
-0.005819498932778111
-0.017735192034600798
-0.0170668570393281
-0.015877281554869893
-0.011815838902166198
-0.016234677748825893
-0.0021411666546664043
0.00353912454041172
-0.005059869471620052
-0.013133237914733586
-0.015930312446938655
-0.01113021924056623
-0.005956589404494117
-0.0075118144147956825
0.014057516954634919
0.007690705018828015
0.0019931633405003424
-0.00637324859668123
-0.011454507171647504
-0.006651649393834391
-0.0029665593944101856
-0.002826082777878672
0.019190549454506337
0.0102247860421225
0.0044499496556232865
-0.003545256655167889
-0.0064110967551768705
-0.005932948688717299
-0.0024636471827451864
-8.832952444420838e-05
0.018035557974862282
0.015299602310247795
0.008867066652849753
0.00161888652500497
-0.004978380629160284
-0.004632243537232017
0.0015075139405800742
0.0002386481864964929
-0.004450284213485534
-0.008357602585126023
-0.018488453551216075
-0.025160622103974614
-0.026921854852671845
-0.022524164621699427
-0.016718049039838884
-0.009396538371151425
-0.005114219630566075
-0.007917234669699166
-0.015243709174850364
-0.017947719531244466
-0.01761718349062344
-0.014812307792270996
-0.01528958313480322
-0.011411538539421062
-0.004438121719855026
-0.0008986568030963094
-0.004472977929791122
-0.008235876591549118
-0.008359992323652643
-0.009167656480692399
-0.012542160295996446
-0.01249975747880222
0.005138436277304169
0.008016219368693456
0.002432696691820946
-0.004420000410324698
-0.0016120343780756108
-0.0028232784848984394
-0.00640602623870723
-0.012818770233294322
0.02271301334173667
0.021795286443229644
0.014469465367600631
0.007839862868773195
0.010009369652262956
0.013770177216651996
-0.0011146132210098914
-0.015033340570803258
-0.010085858107715506
-0.014268595281893531
-0.01628453586440992
-0.00457344056621195
0.008653913057246748
0.028338920709849724
0.0007584547246057283
-0.02040160214605352
-0.049031785236449424
-0.03449130816389406
-0.022895009589926185
0.0012625787344783812
0.03489085610637882
0.03679232154879192
-0.003600426692071418
-0.02209404716744534
-0.050882555935388915
-0.01926956068573618
0.004555968901767279
0.02941037908992683
0.04053010332949197
0.021717980119749847
-0.005871540491560967
-0.022794675238636423
-0.061359078793108535
-0.019510923607238176
0.020597426912315808
0.034510511874582234
0.009294194154321922
-0.010832766578071862
-0.02182860791010409
-0.03151325586497822
-0.06527521557154972
-0.009286599402800189
0.03348215928501186
0.01664138660522968
-0.014960073185204037
-0.018890630909347117
-0.021915934017790684
-0.02723591596252456
-0.04261060362390731
0.006925174849943649
0.029165214132753997
0.011878229976873489
-0.005730191813954788
-0.00255391386321846
-0.005213698654525409
-0.005138906158270784
-0.024026804154485118
0.0021769793960617623
0.020308971294820594
0.01234917059162531
0.012955645592432896
0.01592822153906409
0.01668244311093736
0.014202718842463435
-0.013451792595645273
-0.006035228649817537
-0.0028040965061636343
-0.008963142616704
-0.005438644730513385
0.0047248359214514535
0.00574569389159775
0.002201463454956837
-0.012556547579863651
-0.011572667689475465
-0.009653502903723132
-0.010309187023558875
-0.012186610813082869
-0.004665241810954679
-0.0062808555187846005
-0.00851794980970233
-0.010889082814039053
-0.014357912356994185
-0.016680000248381843
-0.020134964195941157
-0.024414173384930904
-0.017676159118887536
-0.015074845089993294
-0.008359709078139765
-0.008739671965374562
-0.01538563872429908
-0.020758703800202616
-0.023567517172402436
-0.02673692327212862
-0.019873753059135302
-0.011960205989466066
-0.004639392404086007
-0.035331551340392786
-0.014251550404927593
0.04441873781899834
-0.015098240037088984
-0.02746047583788841
-0.01127624333317867
-0.01975088703468969
0.010996535272265684
0.022129705749438955
-0.007747941370966016
0.00904835198510312
0.0002690325658871173
0.018002102436327938
-0.029551493368168924
-0.017629756529958684
0.009435220091221996
-0.009092360554447343
0.05882510921775366
-0.01374650549801254
0.009808597579352603
-0.003955694860869441
-0.010182379523595186
0.01126225455901525
-0.009031488272753435
-0.011909148743814824
0.003918417544260311
0.08740671201916989
0.015542087329425294
-0.007229469127315924
-0.006456641839948873
-0.018322904532091067
-0.004742108675233142
-0.008640382026588012
-0.004723548779325237
-0.009011041428375055
-0.003253116884793997
-0.005028829471775742
-0.008150446098350146
0.014015153198566166
-0.017974007143981147
0.006607797477823779
-0.006393086969676776
-0.003832100508730313
0.007980000736134585
-0.005907476587561897
-0.006674555560236897
-0.009517389090835937
-0.004285896455124061
-0.004106206626841913
-0.0037999825160549006
-0.00504652683241158
-0.005280124209224302
0.04063253674718703
-0.006907262102120504
0.00612586001627391
-0.007332402954744577
0.05332403554029346
-0.005435193660132953
-0.00978391701456588
-0.005347613674111434
0.051650177045146295
-0.003714901301047846
-0.005717971060660465
0.01038445045997155
-0.007866087243069447
0.02127736980452627
-0.016826323398135723
-0.007365142133393787
-0.004374264677686257
-0.009753642154883418
-0.006668378347904139
-0.0075894908120628934
-0.010594443074786894
-0.004870703616239827
-0.004648982949631647
-0.004322236258465617
-0.005754314759228302
-0.005981012785530315
0.005309132356634494
-0.006584921323340709
-0.007807889112134703
0.013696793407292962
0.0721928567265327
-0.005152021092568901
-0.009399215675770234
-0.00508717833305386
0.010958193207157407
-0.0035210610853357444
-0.005434507828387378
-0.008882604388899332
-0.007642123908492282
0.0341634141488201
-0.01614402708645632
-0.006967736658569479
-0.004146191078796685
-0.009247902379688144
-0.006374528694542053
-0.007254266638063889
-0.010215497431164011
-0.004640285888896367
-0.004438179801931952
-0.004120744200577842
-0.0055077595857549455
-0.005732107502285755
-0.042565316721107305
-0.017270954970908192
4.405340140284375e-05
0.002319138997541076
-0.03523734991629629
0.003440491788662292
-0.01204773632331857
-0.0011505458078860942
-0.008193250439523347
0.006425032477885784
0.0242247239009456
0.08308323242394261
0.009477646159977038
0.0006641837448821408
-0.04163124547819394
-0.00035766108555512766
-0.011076191448284159
-0.003556869181162464
-0.005601454636938036
0.04263377801649024
-0.015427053296214105
0.03045780312350871
-0.011796669022353434
-0.010981669433566321
-0.014582400235226556
-7.843487478537137e-07
0.005169536105668948
-0.0048403673926153135
-0.005639605975398865
-0.0051427316040961735
-0.014329709570430837
0.01650918931196025
-0.0068269090392263365
-0.0037298060273462386
0.024760197550074553
-0.002581275926490434
-0.003976730490642129
-0.0065934803366693995
0.005738808143960911
-0.013913235029632043
-0.011537855673024205
-0.005074028677389042
-0.0030403587385474107
-0.006640931840697528
0.009811427725192612
0.009433915306805762
0.012761907648349627
-0.00339233476510592
-0.0032469595818925834
-0.0030135917440182736
-0.004014732455896758
-0.004189898225464228
-0.02267186002703403
-0.009049801760001482
-0.010698673550013596
0.0027479580950178772
-0.02692002020196188
-0.0070504000585606685
0.00810723852382228
-0.0069823199619175325
0.0012094805315431834
-0.004856458604034636
-0.007428850484029359
-0.012206018071755531
-0.010653265640247114
0.2120363038052896
-0.005881829522507098
-0.009502868249127383
-0.005716927999175794
-0.012635968726352295
-0.00882230105325199
-0.009889598705290756
0.007000548526654882
-0.006380910935015749
-0.006124022220872438
-0.005660640638954412
-0.00755275533950385
-0.007835147964937172
-0.011864626433985927
-0.0047231597456717095
0.012663032963053114
-0.004986800043013384
-0.014118068284663637
-0.0036724890861736803
0.008087661188813489
-0.0036443735856162562
-0.007023943143013606
-0.002517224811363211
-0.0038847718604294867
-0.006351646997617463
-0.005416194767287011
-0.013631220836579638
-0.011417194848220263
0.030072856659519753
-0.0029645461388822514
-0.006519847044820504
0.01774364836661163
0.0072744570702718
-0.007295979908599287
-0.0033124843181559227
-0.0031707784424426233
-0.0029384800520854126
-0.003903371978405651
-0.004083105732674286
-0.02401176593513754
0.0045050059678282545
0.007840994329398665
0.028725896203553203
-0.027808401587923415
0.024522364340913733
0.007221920325871184
0.010688076835637245
0.005270826147158014
-0.00513541637684381
0.03127892384585068
0.07214597204919149
-0.003108251924670291
0.02868847207010866
-0.0011980769295609761
-0.010094540579331734
-0.006069715977915118
0.05350081871402418
-0.009429795149713177
0.09632377732367559
0.023454918727690843
0.01404504948456925
-0.0064421054507071696
0.013371700145649701
-0.00804738136393976
0.026510737161822118
-0.008236975473470912
-0.0033172482301278144
-0.0038652852091594636
-0.003513405887861254
0.0020136510478682007
-0.002579248224904909
-0.004667376308551324
-0.0025560081860069306
-0.004987203175449595
-0.00176887602928405
-0.002723585369263648
-0.004509367974528555
-0.0037746320086959884
-0.009547576430695093
0.007930132050602307
-0.003454336226669047
-0.002082296409504303
-0.004538870309504978
-0.0031893265441060303
-0.003635826372001612
-0.005106360261720899
-0.002324423928149022
-0.0022243799095708616
-0.0020628669428414126
-0.0027423306048425244
-0.002866672154812719
0.008351235246194744
-0.005022327208507406
0.0255991575824428
-0.005316817364911741
0.0027068893284647455
-0.003913811967850872
-0.007067363941807217
-0.003878004599794982
-0.007492789356331152
-0.002680043037099967
-0.004137216246905467
-0.0067784327471503425
-0.005764726464822123
-0.014432638573532525
0.004258434317301052
-0.005274476497274194
-0.0031563116404452404
0.014136425006003317
-0.004839916697625374
-0.005509440852271702
-0.007749944863753244
-0.0035260630138481686
-0.0033743510320040915
-0.0031295250442274214
-0.004159988741417542
-0.004349958651713559
0.06752611082228745
0.06034474134025651
0.009607583819830373
-0.009262778174822184
-0.012650964528339248
-0.006722313537343875
0.005949472715509052
-0.0066980703547621645
0.02232517969964587
-0.004597277072537542
-0.007103914061950711
0.031417309372374934
-0.0096905367284712
-0.02425647938011065
-0.00026260947176937055
0.011749998254800387
-0.0054288424543255664
-0.011646110971950396
0.012344479605832195
-0.009516747789029226
0.037149489419747175
-0.006031622154748617
0.006673265568254039
-0.005363475189456096
0.01071906231366565
0.010122106073136683
-0.016792839366060783
-0.006659855192897801
-0.008032583847352961
-0.00705302426336496
0.009434539967327349
-0.005241156597258559
-0.00926798659743519
-0.005199704885711698
-0.009870258365103024
-0.003616716484453164
-0.005551045042677116
-0.00890220170801722
0.010644389662858522
-0.019549831098675252
0.06623356188972156
-0.007008866136534786
-0.004241345884585582
0.021462596463372924
-0.006431663949578392
-0.007322544692972388
0.011295690382967585
-0.004766539837952388
-0.004576165761170037
-0.004210791945370884
0.006888115784666714
-0.005810500109920125
0.032978638670147276
-0.016096584767803263
-0.01971686086185022
-0.01712983518381611
0.023778712694018822
-0.012855732303484968
-0.022405482955024092
-0.012661453268559983
0.21816692493166706
-0.008932518300665604
-0.0011849107248620844
-0.00687457912363687
-0.018699482111816733
-0.0277991639876768
0.04818216946774284
-0.01712847133575792
-0.010435901436280037
-0.00430162052185773
-0.015596189846834418
-0.017715780523577765
0.028105722303511896
-0.011661451944534384
-0.011171184420893432
-0.010308407265201464
-0.013525097320330415
-0.014070829632494126
-0.03288285323483815
0.002530156739505199
0.040715229198601155
0.007364979397825155
-0.024836289019406155
0.014628724556195127
-0.001471104265953066
0.007098462359714203
0.024218900474208493
-0.007517025802711741
-0.011479398516703598
0.019257240657525765
-0.015558739940273403
-0.009776715581507667
-0.019030984789854502
0.0063061640583647605
-0.00883143401496006
0.05520558611242704
-0.013365996504443145
-0.015020499655245989
-0.021189110473805728
-0.009828250648763581
0.011669397607538434
-0.008699107923538618
-0.011571600939637147
-0.01189734039586271
0.0005408701241726155
-0.00644884910466887
-0.007578847992060503
-0.006902293295987905
-0.019467193460625143
-0.0050787141276361115
-0.009196131722780498
-0.004988034223433094
-0.009708088414527527
-0.0034620611737704587
-0.005332205216389871
-0.008813131347757075
0.08122132423924022
-0.019240014974111208
0.0020875952432277134
0.011294506024717654
-0.004080498151420392
-0.00900524533295921
-0.006264429157741225
-0.007163255594827347
-0.009989012982073775
-0.0045521225230630985
-0.004366737608824611
0.014488355005321252
-0.005411576950979491
-0.0056305569163860175
-0.009714047254319971
-0.003911650688964929
-0.004557050994222239
-0.004136932041927416
-0.0003241355705599358
-0.0030401835793596454
-0.005507895128817913
-0.00301330538214184
-0.005879018303176442
-0.0020852222228129116
-0.0032098600250033554
-0.005315294115555369
-0.004458426505336566
0.010847707341046287
-0.009345725815862875
-0.0040739839280180545
-0.0024552899340787027
-0.005349894595963078
0.01478006904688306
-0.004284956299701659
-0.0060233711731176864
-0.002739318589930262
-0.0026222351608074512
-0.002431759890565266
-0.0032330343566989717
-0.0033791664979472558
0.02740611779851837
0.012947082812844513
-0.009743077370436004
-0.00868002500198687
0.0637351706853373
-0.006421764693622378
0.005442514312814228
-0.006298904738424593
-0.012270655838414938
-0.004376456435230658
-0.00674858728387473
-0.011095165504899085
-0.009474601373583219
-0.02336185905392056
0.042372293313861165
0.030727732897935678
-0.005153935080920324
0.009460534556185562
-0.007867340536150458
0.006282893510415055
0.008419898160159422
-0.0057518114083296434
-0.005498520344007385
-0.005108865291057085
-0.0068155648561878945
-0.007083172255014515
-0.014858473377688891
-0.005942242750889115
-0.006995245886054123
-0.0062754915361478425
0.024322740919776042
-0.0046217448688044005
-0.008384593223149689
-0.004589039274498663
0.03179785772828342
-0.003178203862280682
-0.004886256984958204
-0.007994830804999076
-0.006843211984676467
0.03694615795216649
-0.014438345422588872
-0.006200368935328857
-0.0037398727774655416
-0.00819455378317907
0.015651584492733767
-0.006494515888133101
0.04030989539950086
-0.004179214276298332
-0.004002276863643545
-0.0037041476477807367
-0.004915838096050729
-0.005137397239877939
0.06789165195943431
-0.006808234140542574
0.02640254960127736
-0.007216183215048522
0.009243959007440017
-0.005295743256459706
-0.009562322916659302
0.009505614627430214
0.011979003041878988
-0.003631259698537226
-0.005594378384920093
-0.009219078669848751
-0.007796815797549206
0.03536181846320555
-0.01618947617193521
-0.007094819285500209
-0.004275305106415439
0.0019155344471261937
0.02233246706936315
0.0003245895877723448
-0.01049878642366281
-0.004772609007242523
-0.004570802044832789
-0.004239903686409197
-0.005637608379028658
-0.005896711798778709
-0.021757591984345
0.011937430321513787
-0.010656866320229108
0.005954102866273708
-0.02653646212413069
0.007864502807720442
-0.012564070746482525
-0.006821231582552267
-0.013035839284943895
0.007147309042889127
-0.007271550536013138
-0.011734794058990777
-0.010082870548211276
-0.00421006607019353
0.051306556971610684
-0.009295015783990335
0.04650256863344884
-0.012380083886950971
-0.008516904607445419
-0.009570726609447355
-0.013819889816616887
0.009084449053504884
-0.005947355433007201
-0.005489513058528794
-0.007300316818431837
-0.007584135851289031
-0.010669942545899147
-0.004277707061131397
-0.0050331549962186195
-0.004536010328996365
0.007903273936823399
-0.0033351823567991865
-0.006029353037421414
-0.0033042745772961513
0.006028933202303716
-0.0022878845359053934
-0.00352352847287353
-0.005783643761969159
-0.004907971896353988
0.0028064241451740968
0.008274110470370521
-0.004479769249639831
-0.002692687401646632
-0.0059056764041653526
-0.004124327168522818
-0.0046928675336772585
0.0052186484075183726
0.017867222708527086
-0.002880798907214488
-0.002668439535271183
-0.0035459703863021663
-0.003704875572520999
-0.010132574072594484
-0.0040671203034396974
-0.0047888421406124815
-0.004302115245561594
-0.012114774565641973
-0.0031714247144652985
-0.005704223740522263
-0.0031438786797616802
-0.006084862552171388
-0.00217746211718578
-0.0033517085208201736
-0.005493906488977518
-0.0046588765517824315
0.009268270953686014
0.024597253744297415
-0.004250999113800502
-0.002561032195294688
-0.005609874947551163
-0.003913294447905724
-0.004456418803715667
-0.006305273001889322
-0.002864782747464434
-0.0027428558401000336
-0.002538331343150152
-0.003365988962210048
-0.0035206191964696765
0.00973486271906869
-0.003830750388735066
-0.004482919597329188
-0.0040635917030291124
0.027696048505510773
-0.0029888975056720224
-0.00537895864091259
-0.0029588271535152533
-0.005757294609789673
-0.0020492646594189867
-0.0031554553816577346
-0.005205733301049065
-0.004388008708358593
-0.011025880103589542
-0.009203934428843541
-0.004007799923498312
-0.002411462762667238
-0.0052694457181803045
-0.0036887652576491764
-0.004211063448062408
-0.0059091027350066105
-0.0026928189834242167
-0.002578484983647711
-0.002391227789203941
-0.003176531207868233
-0.003322915306287255
-0.012978566476378317
-0.0051868755077706385
-0.006070896414097554
-0.005537061531143639
-0.01546901840984577
-0.0040591636039578605
-0.007355428904175454
0.013086836632879212
-0.007828228617583394
-0.002779288130157924
-0.0042726035136828044
0.0994332040544797
-0.005987239991837423
-0.015345672591815379
-0.012483960191075005
-0.005456679135092207
-0.0032723837735538913
-0.007162774184831522
-0.005015520414948571
0.008738993987903176
-0.008000449439197532
-0.0036489792408895827
-0.003494148455476742
-0.003244977758067036
-0.004327581311501733
-0.004510702524193638
-0.013344895911702848
-0.005337172407570451
-0.006243514540560602
-0.005661621378025797
-0.01589261379434692
-0.004167720283525009
-0.007485129264860335
-0.00412527562357895
0.05861053048699319
-0.002858251989281524
-0.004399550896773519
-0.007258930236208924
-0.006126960406563603
-0.01536967465229544
-0.012750992087024349
-0.0055862210683579605
-0.0033636303007699986
-0.007337747797117655
-0.0051461222107312965
-0.0058741241922598
0.03071134913695106
-0.0037541251788688057
-0.003595085012830383
-0.003336267394078496
-0.004431023180642618
0.050941516042995905
