0.5358067334310178
0.4107567529131074
0.5474501133472509
0.5323231547173174
0.519873653108202
0.5482104477770761
0.2153093177338735
0.24609726170465687
0.2752359766080217
0.09547640630599245
0.6949555327318744
0.15640801401149673
0.118824072382166
0.3091383976890282
0.463249741562837
0.712000140895691
-0.17940827678602722
0.07963055111054063
0.7880360162315945
0.5865649880669243
0.9902342736892725
0.7201594396580832
0.7582469751526808
0.46768817535810264
0.10827809019265398
0.28854972201984724
0.5707035353278666
0.6675215154231263
0.7286084134245785
0.594864317177331
0.646578885978885
0.21898692070135128
-0.268833909806642
0.9947040158910491
0.6714221738135059
1.0626590592022227
0.7832160188954228
0.6097572718379968
0.5268676402823826
0.42906269846085526
-0.1798906275154016
0.8008127678054798
0.6649210596207319
0.9003381365302295
0.8115854185465667
0.2747828796183678
0.4233862351256944
0.16665179716061992
0.17336138079400798
0.5372795533184306
0.7345006027318699
0.5676429058247987
0.5780779760093098
0.5168539874386375
0.7365418143330331
0.384946016204613
0.9671255902399767
0.2967180796250376
0.2201505186019777
0.18975644997470123
0.9602738165642826
0.955543889876856
1.0924078466548148
0.4316925372222584
1.1922610219731613
-0.12113650613426281
0.08916505222173964
0.48442691262888904
1.2639517540877865
1.5774872439743048
1.2020980652225284
0.3479095779417834
1.425194944388294
0.3267341643448134
0.7723579905906326
0.7904636747199759
1.243272118135824
1.4319822445583767
1.2731608107245829
0.6892387015883932
0.9277243564700104
0.3049736781098896
0.3901404459355228
0.3142544631337414
0.8527704974654875
0.7852922162336614
0.9054437383461488
1.3336118495593374
0.8823233921541339
0.6063039596523137
0.14975825590348846
0.45049739567188996
0.19416820090995712
0.3670820097161198
0.7231648213891779
1.1057520509292587
0.7245672059613744
0.37214083583193996
0.3221495098022665
-0.009459864497548695
0.004529490820619687
0.1627608139469508
0.38153624093129007
1.3715277797659615
0.3305465453213514
0.4172575604820488
0.4119233285879231
0.20133876718080204
0.37946289144933154
-0.33163056113948913
0.6579843639673624
0.9312264870057323
0.9218814024889059
0.31493552141613884
0.451618834375712
-0.08915087183874443
0.1501415946119143
0.32642583265487
0.16686801964372563
0.5620060704517477
0.462967318164739
-0.10933349560957917
0.48380019146504194
0.4409129763992503
-0.40515159440516535
0.22710833771978048
0.4738931020877231
0.5824501161660519
0.3234090112680756
0.6907837153379357
0.26463987532949357
0.1949228977318867
0.41644595411588065
0.2839903245721681
-0.21156090265153446
-0.0381086130619346
0.8162347907918439
0.6591274111639003
0.2793438232721279
0.29218306482061696
0.37646226621293155
0.0076538164319424114
0.0028449064623547733
0.5083338723338447
0.759622722599011
0.3151251037613115
0.5684156851188213
-0.1573025585760648
0.3083705203861689
0.4469769634247292
0.15283342797528135
0.6038944764947761
0.8476654076080065
0.6429083594089606
0.1598045532587889
0.45526855436007835
0.4622478808320655
-0.212450997313323
0.1556457873624744
0.5356717410187818
0.41748889209363704
0.2612884729430609
0.4804859661195393
0.5049826478995364
0.08029201082497575
0.30766868341408987
-0.16008314208590654
-0.3373212132902977
0.39304304042662164
0.36691625355036317
0.07613592849170955
0.4349879070252128
-0.12357549457566022
0.17956595544021575
0.39511984169870146
0.2832944876983277
0.2395979697394951
0.18693369558494108
0.49376777677699824
0.4002157416273485
0.5927530811793871
0.017063263714918318
0.39644766788157065
-0.12926396526207978
0.4008478133156201
0.3887043301506176
0.48296419535812307
0.6523783157949182
0.20006994981857779
0.37444300127118096
0.5085507578906566
0.4024947816585778
0.33936316355327867
0.7521121923361858
0.6516401447084763
0.3498192916611258
0.6535536288565419
0.6475674005667922
0.6805574901437419
0.374022899709971
0.06412677423285885
0.9638548797454104
0.5158081163575571
0.5431260289082762
0.7621922435267924
0.6514594128165296
0.44370628540575546
1.050159771685041
0.8061029763487131
0.7080147969560711
0.7859518729073854
0.549323972688228
0.41290510468422337
0.24353638759122684
0.6140072188588729
1.2438596386853635
0.204935666594717
0.5883920769477174
0.9255276035911713
0.6111861044220409
0.7185535543770385
0.5230324881443994
0.7617064993908307
1.565902655556704
0.804014883960499
0.8543855200193083
0.8903852522070937
0.8893519606406107
0.4187668334095009
0.7372215662085585
1.0374776670529269
0.6611002163239591
0.27224782692956995
0.7474592682565909
0.6922110633980529
0.8198789864128914
0.401655800090838
0.7469923713097152
1.1248163958153587
0.9007065087890318
0.4913987319893732
1.0272799967711455
0.6442343415523658
0.43595931469959653
1.0433096260998673
0.9029512051555274
0.7220692378669118
0.7712394267976327
1.0002049602723104
1.0743353465308674
0.9739352056181388
1.13547029060056
0.8594215983085299
0.9769705665571261
0.27703220630348524
0.598193343830392
0.4704277973947009
0.26400069210030863
0.11886541909488706
0.11719260293865179
0.522288739680401
0.7291285555611107
0.6706942506641195
0.06689892613540903
0.5739514990406084
0.446933951406892
0.5983029518619495
0.2943344807315761
0.4917702673808997
0.3679142296693059
0.4704434452817506
0.8659258628512488
0.5103503932455548
0.3923229808940692
0.684513963062004
0.30616198099052827
0.816980512011693
0.6806458648006868
0.5432783038275302
0.7599147328148007
-0.2046090960419779
0.17512345447785838
0.8832708152569436
0.2973602442555898
0.5979929809545328
0.44667278447282793
0.495168895601029
0.3965596203952511
0.377108525853335
0.37068816084828554
0.48565888162718274
0.796857981986742
0.8289437832903608
0.2885592502236224
0.6696220954254672
0.2763803761578256
0.28164319870510907
0.8373259390570204
0.9351822148187069
0.6844823534778004
0.6101494292010953
-0.09513614685463848
0.20530362496612187
-0.024734529268811672
0.9217737990134598
0.8082061131501233
0.5186090689122541
0.22930074476229317
-0.072157047143798
0.1298961468479937
-0.021712949952596584
-0.40740434761881067
1.5570746707628418
0.3575814539543724
-0.16443329824010516
-0.6151099681086568
-0.3467921681057165
0.2370450735114694
-0.05641365196814916
-0.08055192543150602
1.350455483115852
0.3050331131742262
0.006485467434109495
-0.21726174234151455
-0.39944364284721
-0.30213052072813684
0.39919502308621585
0.227827504706956
1.506568128439056
0.5700466876543032
0.11859343459819402
-0.004817327561753414
-0.09557449702703252
0.09779381147827862
0.11407587022371277
0.2900281134866937
1.1458031586002624
0.9001195808978047
0.4040208369760999
0.729473465259165
0.32903818949571806
0.5907709230981777
0.4248347910654996
0.550816269826045
1.1418878856077264
0.6883790400570791
0.6023767420176408
0.8507389703881463
0.3132801267526961
0.9108725273087068
0.36694505436756
0.6841681527663352
0.6327329332296637
0.7539963263201489
0.8105046486981828
0.32376243055346304
0.9509671346960862
0.2988410839343104
0.6727023657218183
0.15855037269432065
0.3418799065373059
0.36853777568476753
0.7140697315115191
1.0138981429063565
0.36859602662560753
0.8765111430499392
0.15289303148440384
0.8988783018511789
0.059466974385747155
0.23480231331819287
0.7865170647912328
1.0094032730208766
0.2926615989203059
1.0041089092655582
0.40051204525174916
0.14125235148111687
0.3207366579656922
0.7847526562187219
0.783341944707864
0.6575535495793959
0.3964031058826515
0.9062193433001772
0.6097794232349807
0.28936799625053283
-0.04393830657207857
0.5034080740162682
-0.002351706414432585
0.25382423036627594
0.6125987456500803
0.22737695372684175
0.21222849570317082
0.16119381982920633
0.655739154257949
-0.007319108779566173
0.03284956503604335
0.17754314177608754
0.034079676540018436
0.6787322520941069
0.5560550394141304
0.3167886004287666
0.23168574108401682
-0.02070731764770184
0.41057028574786686
0.7191166643276027
0.4781438446649395
0.19994020145745897
0.11456719542609532
0.4798832535675074
0.4507616219678019
0.42742058839655095
0.13895335941252665
0.23264296325212064
0.623531788662264
0.7541814933325588
0.15456882672330202
-0.00586755391700558
-0.1513641019297513
0.37892554718340443
-0.018832636312205237
0.17686235727354013
0.05282150126264193
0.42152484087866815
0.7254535284496437
0.7154807354786323
0.011776351905439757
-0.15018767253367515
-0.10947461170687582
0.2164252426057797
0.7108130982501155
0.4158302385917248
0.6331777080302857
0.4963644058253697
0.15798249049823754
0.2365802712473749
0.015566646163054955
0.32992939486069434
0.23712134200038934
0.40869984182020347
0.6750571540497429
0.18880500205791723
-0.4938684880556399
0.13641556741726174
0.07161833867971332
0.595844830903456
0.8158729797741665
0.7678105959181428
0.7509423757666706
0.854845999701698
-0.09550382749116662
0.42793138725467117
0.7030631303215467
0.20948347530185246
0.4922999320431137
1.1113508331097997
0.29441714208612185
0.6569150447671425
0.1596964275908897
0.6386224997537822
0.28178948923684216
0.7581883405933619
0.716273671139433
0.4048445897669396
0.5292208629290058
1.0045203215399143
0.8616742493056395
0.7216629139244201
0.4397989617796707
0.5247935906603194
1.026855018800438
1.1765231369438176
0.837700661354794
0.35268038704105986
0.9453354807307612
0.7437508061278997
0.6663412377409118
0.4225156031349415
0.7555328964350417
0.9518580336033452
0.6169091186662431
0.5655675072378238
1.0856413124343767
0.8203112700728542
0.48438932837881793
0.9693375210878028
0.5061771049054092
0.5627388838611636
1.0245852312541095
0.382153557483233
0.7924504374130331
1.0003248933111146
0.5844039220772569
0.31097918782091055
0.8274622750834443
1.1010044961595418
0.8013955091042853
1.0091236908150976
1.2717646356169885
0.5801298053207578
0.8975683716396734
0.765296723080059
0.45393862564599013
0.693027425960539
0.8263429451134494
1.1320584070876125
0.4245835308127883
0.634968395706054
1.3863812211025022
0.5986683716889063
1.1144315330594456
0.4646248848981747
0.36000609746228296
0.45844375370861246
0.38611312866262343
0.3894884592017319
0.22184172350416512
0.07503559695767464
0.4749749547934589
0.2492057566564237
0.6455279844576962
0.01651894224858959
0.12461144064290774
0.25234006114661606
0.6804651766881252
0.4205907375555865
0.31569630558960066
0.5579349973156191
-0.11050788502559794
0.7544152225249224
0.16118628152513753
0.06453703048489165
0.5179956994281034
0.5915200644061425
0.46645547943839805
0.6284741311361755
0.4293534999180837
0.7600869006293265
0.17915795656027378
0.4548001538604054
0.36805414217412713
0.4305367695652005
0.2390110531931278
0.46576829355792726
0.23352545565944946
0.49306458766152605
-0.44810946689414544
0.8552453523141228
0.3206096291940562
0.6256370762886392
0.5179229040496431
0.2565201431507734
0.27905591698779
0.7495172832043875
0.5256226604975556
0.4304770703280396
0.4163736271214676
0.5160911394765871
0.2368991968092578
0.054411393532629526
0.6055053306619603
1.1540125231971996
0.6587837882813631
1.0134324257743836
0.5597013797499075
0.44809320410367687
0.6512892691205018
0.573386504869744
0.6120945367559375
0.3395307729409484
0.9581905608641058
0.7468143075880636
1.0129985563295707
0.6903800390231496
0.86029510799091
0.6393817716824917
0.4701104090368471
-0.6471837160356326
1.4039600164127561
1.0099857514275896
0.6483373850720728
0.22962714905484952
0.3177627868921583
-0.13189195006738763
-0.9094220617835423
-0.38104026027283733
0.983843128341843
0.23741198044525286
-0.14228311907044144
-0.5366682252290523
-0.7482670939059193
-0.5404995226676627
-0.5847482464493154
-0.701152731179665
0.20943636376382357
0.6643373670233588
0.46937608787766155
0.07179923736142399
0.13236556373120556
-0.23984049014139414
0.05237532392462563
0.053077687065227364
0.025320525840624608
0.06469633209331721
0.48123962758347455
0.5718645676179188
0.49726421295583
0.686546347160623
0.009822324622787454
0.1776594592925857
-0.06548639979426532
0.49357788400914926
0.24423110650600963
0.727876380829363
0.5418432682765052
0.6349370081509724
0.7561183558976738
0.023794758468910784
-0.5260391394942034
0.5052667133757642
0.33863142956480574
0.7682456352668577
0.7861181608612949
0.5182176771484446
0.35307163193577723
0.4488757893117058
-0.09139660521695958
0.2554817674673979
0.40641309314942137
0.6913148081594411
0.29401913889851516
1.1030365375968818
0.9373206608794814
0.5394117305745388
0.22779875689654072
0.026831489349986186
0.6639531648263117
0.1403731288704845
0.7977630406923714
0.44408955251420534
0.4758325100728916
0.6211559322112117
0.5887064842883979
0.3929960635103119
0.8562108794576332
0.960518342093105
0.8650595699633137
1.1795877943587596
0.7918141802008838
1.1164484916065638
0.49170994207145574
0.24847211137517364
0.7672557067440094
0.7598407347846634
0.8379671480471856
0.6301618737321518
1.3557065411967941
0.785345181511353
0.6189907476753576
0.38989063736010793
0.5194203651611419
0.47555677529007684
0.9517425996085396
0.8447116083065687
1.0839748009746597
0.9219400602356974
0.6068107997430519
0.58613774286658
0.5812954962618482
0.9068644600887527
0.2534726586954504
0.9025541816859002
0.12109906178762203
1.1476592836629163
0.7650212321713955
0.6509470350379352
0.28993537047674073
0.5899375632487512
0.560287773202471
0.039823319950403
0.6792709055929764
0.08476293880757454
0.0392046001388843
0.5895225787661037
0.6391892535959124
0.5293140826771777
0.4279076383826545
-0.11785500221826974
0.36500652144267154
0.6273824105057144
0.0643695881690069
0.4130058124990547
0.8124199385399437
0.7194427601378595
0.45408840689183355
-0.10611051765387673
0.13658690489504374
0.36038948586844943
0.08921757730444649
0.3878998829000287
0.663523964083872
0.6230742016257805
0.6187252213855975
0.8282396225958479
0.11645915109052984
0.4223023666309315
1.0580973606897726
1.1291936923964085
0.6641148954477037
0.4876316866570801
0.47228724842387104
0.5660754471901589
0.6289587195429647
0.24241821573814124
0.5042038353377385
0.7020283767889428
0.884006800977463
0.6753398533252606
0.5813885511286748
0.4613834789839544
0.04355501510143706
0.34568418196658723
0.5925245805762954
0.6274728903543064
0.47150047737268097
0.7909064132175697
0.7559225209411002
0.2616449220521229
-0.014554833339648491
0.6163009977669074
0.1605655740993461
0.39908477507223855
0.5781602233761167
0.7915851147695995
0.36733243435290597
0.4693042640932218
0.05242919432621211
0.11402065787433262
0.18179826089402326
0.6097431965463824
0.3097155683811775
0.8470361817406913
0.814174300807657
0.5883309289222265
-0.09597948086094657
0.04972651573430443
0.511185419935951
0.3355892529834468
0.2644768262458633
0.2754577221290947
0.7531239708823207
0.5294044198627386
0.2907342228789739
0.07905839033375531
0.09783349870972424
0.28650942850009525
0.4931368689056103
0.46775231970288045
0.41980857988768744
0.27581886863424576
0.3798371832254649
0.6668629057420563
0.015722462225916944
0.0950092509772447
0.625358986334062
0.5405705705933821
0.3400977862656754
-0.019183819689035285
0.7720817809194325
0.3472974788758481
-0.09598644002603395
0.2802156628962895
0.8186618290264847
0.7101357581853888
1.0450166295164385
0.7207844040076102
0.43153026662222443
0.762001837504139
0.5311974432889025
0.8660350585468469
0.7544772697423465
0.5143647705734891
0.6319076242676929
0.41796317651689496
0.8102176718878719
0.4295817219474889
0.4508674849952939
0.723022983540924
0.5802297723057754
0.7284008724327592
0.5150922931728914
0.7636958594223461
0.5315716955898191
0.8547382414418083
0.5783358435180949
0.8632619604702522
0.9842033726408217
0.6509344001643218
0.8918723689311336
0.7012437100859045
0.38992316517916104
0.4400663018307172
0.6239968563558841
0.7838810831682381
0.7630202441244974
1.1829456211693363
0.6629632878224891
1.037115759741321
0.6511586172734253
0.645104235582737
0.4868468821421587
0.3884935416310992
0.495735900510083
0.3877571468330448
1.1017373020670804
0.8314399650828826
0.9397989260941828
0.5937770605474315
0.1475195806329724
0.39452985431318033
0.4996963730084195
0.5447511954350543
0.2520551784492303
0.7459530673347514
0.8759388976833635
0.8465645234784989
-0.39966402023304515
-0.07367838542920262
0.41973305652811194
0.17304315035353865
0.497327189790075
0.4287668503329761
0.5395289727254017
0.8642690457118927
-0.203264481790837
-0.08001755007112704
0.10823130087690143
0.4042294311559121
0.34345505242651486
0.8497402698026724
0.8823335582224994
0.9761688678971535
0.2149537381259188
-0.018736937633346214
0.06448001641454033
0.1396005877847216
0.6064557824649409
0.21446657837749453
0.9028398275971224
0.4177154098264195
0.38932409064182727
0.5140297078049756
0.25092044377494527
0.15099821523284884
0.22947800825258238
0.8768522233458258
0.35681442354442533
0.940741585083909
0.24444243579112848
0.27055502318743285
0.050761540894891787
0.0701962911120539
0.12373748536498631
0.32243728128324445
0.5320031770746577
0.8168217825488542
0.41609264204679614
0.720495666549676
0.395306051102597
0.6728083218356707
0.49047625165340725
0.19391095748498524
0.18569523632491916
0.8157461799008578
0.27039886527926327
0.7177100001338108
0.3424419122859926
0.7030306537713911
0.7295377002277226
0.5440105099080499
0.502763478591938
0.605565234669284
0.8181191791530324
0.36784724700171717
0.8774197183633747
0.5528460692994293
0.47689973073201164
0.45399030829195186
0.765806767388034
0.13820792352678568
0.5529945153493159
0.7131149222246146
0.7289431637986591
0.73868696162851
0.6173767845822633
0.28920582278702844
0.4362712255419827
0.8239621849668849
0.5197402952703793
0.4244841736750245
0.6019002241121817
0.27902106891284045
0.5748675320296931
0.3060057574800891
0.07181564750491286
0.1774244405241912
1.2170723227987605
0.6730891467220919
0.22952262997268874
0.36678979572191633
0.5356168346431186
0.4797952115615422
0.548303568020672
0.006582449867320931
1.0426529936925912
0.7232859403239004
0.4734283444053862
0.3770805537784917
0.5521915890458943
-0.027448040184387373
0.39314495312368863
0.41379271529429684
0.819830986515949
0.39755486036415677
0.34544627259098726
0.5819256777164075
0.028599133423570372
0.4401680662335307
0.4296933970580007
0.6208773357928056
0.6844945252073177
0.22267184673204155
0.37121101032644704
0.046970125923813465
0.37154309753924447
-0.1706699405530574
0.4048159352598235
0.2845376877118164
0.259798357902133
0.7531339054691695
0.22111334255424436
0.26975093222754576
-0.1780018755263735
0.25881435370235917
0.19701142749473943
0.3116737440389509
0.30578324426679043
0.30479166997669876
0.46679479946566044
0.3700212199520445
0.5224681220460246
0.010291484418575466
0.5224895826500976
-0.005195621605359607
0.486409827956486
0.3694773270866528
0.37459194772738896
0.5309825349729217
0.1936833122234504
0.43844234402195487
0.0745550808222081
0.6474586475500853
0.64538823007662
0.5297244693262156
0.5626521016865262
0.5550227095532588
0.5998478908265077
0.3937721982424074
0.6419729410359959
0.07708716081504471
0.393645486883718
0.897810496819659
0.5941370847868543
0.7643876707200502
0.7367621759168909
0.8664990934555019
0.9139253872703565
0.6478085592490634
0.5526029172077475
0.5662394321601032
1.0155173245991422
0.7876581136220409
0.47074851277973895
0.34080612001422045
0.49575807509593744
0.8705680485068076
0.06637605925823663
1.2119365579781636
0.6454869192218157
0.5004519035780037
0.7712443507461771
0.8671582367401347
1.0362879321112788
0.8958722406160422
0.7336736300090104
0.789243883023471
0.7135924495737247
0.7676798875340596
0.336359918503384
0.37223169974898185
0.6849270814683592
0.7763487529711266
0.9866652514157831
0.843162407822355
1.0566454112461259
0.5044450994410768
0.20773495032565556
0.3240060184834521
1.1647348704451745
0.840302256118513
0.654029037569637
0.5686865440332302
0.9048513843471312
-0.035749809949678156
-0.18499531444797165
0.894996544514945
0.5396185465861874
0.7253734954724755
0.7909849271030759
0.871402899891073
0.38039827553785965
-0.072004639898648
0.27877216003441313
0.6273218530092268
0.6606554045902421
1.0497940939169952
0.7447375822015155
1.425077379433238
1.3305388979501087
1.5574680659827127
1.1535784652443
1.2654019975713444
0.7807651833512546
0.8629564466667288
0.3977153254203407
0.5683114526676477
0.899041948239508
0.4305419766797908
0.6875932785747382
0.5416778295408754
0.12388974591601717
0.27723603517099427
0.40697734831261495
0.4058503948034783
-0.19507217201787444
0.08882542701738166
0.22677696289229515
0.3883235106700239
0.44074565052780446
0.6416979225510052
-0.06255213517009135
-0.38961179791404593
0.005899741360424753
-0.13064354593173644
0.11036348952847044
-0.04678731258121574
-0.17801453416132582
0.20357073162936176
0.26620913101200144
-0.050697296567879656
-0.40134069426744723
0.177147055876506
0.255614248527801
-0.021979290701572635
0.26663819536812233
0.4032755804975938
-0.1901387092852225
-0.20798172312673155
0.08214482733774699
-0.019390000478220905
0.18478803963069354
0.39452830745066153
0.21423931598520368
0.45079284641759954
0.12434309226525982
-0.05338111567006996
0.1390674561574306
0.4038296232440156
0.4374904669086867
0.4536431030167232
0.08720438611606265
0.21282710267323132
0.01494037913608464
0.3556322539033297
0.5061221621753803
0.6105640936602642
0.7367107457772099
0.19214452711004823
0.23098983708996296
0.2280561438338142
0.4189820173717643
0.3650995557080189
0.14763308856294383
0.705583722633581
0.7878017141776888
0.3682402943350297
0.19765874060634697
-0.10551713744717452
0.09585077979320629
0.32806735092284905
0.8107608234967097
0.8616554644380965
0.9979713042340698
0.5310059262676894
-0.04686539766052679
0.3099173020339981
0.035927485961014895
0.2399979641792585
0.5877543940645563
0.8996692225870699
1.047213364376757
0.7699058506936968
0.15109024947646582
0.5307750333289255
0.7176033949178477
0.6781991209790083
0.655693391947831
0.9518272755013546
0.6373403757305323
0.7366070235142734
0.5623228201064939
0.5686044565958392
0.413328546713335
0.5416435675203555
0.8622071748753914
1.0919420387922925
1.1767782514357694
0.9655849118669835
0.4641279956880913
0.16197347275710972
0.1906377833198582
0.8243383768371596
1.1016418168557864
1.0742293718898297
1.0611028864547416
0.8745513359023476
0.25160879114529006
0.7848428825235259
0.6127423161977683
0.7335639500761275
0.508845515915681
1.0694857432432958
1.044811012115885
0.7989633663110002
1.0686952977934694
0.39092189666944316
0.9965993846405428
0.3589592549577492
1.1275928499012622
0.6274363145150493
1.107416534449947
1.1120269343340459
0.5790707119197059
0.36539041375373893
0.5408213956500363
0.08575737651979469
1.0636316109358308
0.20374731128338502
0.23410367849407077
0.8307159146413423
0.5375004598845388
0.35476539123713174
0.6576920612348268
0.493420593601171
0.16143485742936756
0.49385079482147165
0.37367308508482244
0.39097373431347326
0.4437531752934464
0.04818005978659162
0.24767163197296185
0.17045863609087725
0.08803421114217314
0.5081598191814056
0.469166933068017
0.1690615663610889
0.1611492117175623
0.8128086858146307
0.11189926510935176
0.6683307092438278
0.33512586864100236
0.6834941332110999
0.057197084664327276
0.5606436740564522
0.8786160957835695
0.17042140035205053
0.1391445655751333
0.1741896085701365
0.566807901836568
0.7311695036658418
0.3156252765426288
0.6959617924573758
0.03185421851061754
0.726348859140761
0.05882761075247455
0.18231010632876035
0.02192815644460952
0.37159931642944505
0.7901466789526503
0.35782103930381454
0.23177210141376503
0.46291565679514857
0.406666452899278
0.17421095866739542
0.041048060819687406
0.6162359634289359
0.5069027229693128
0.8993970168426229
0.1769605005037787
0.014736459577284628
0.6012453778933268
0.39446522015490054
0.5830939070255934
0.7539706418752958
0.39648438170580785
0.24819037697757385
0.34343473433746297
0.06271032185198532
-0.04728146013175183
0.44741166376479474
0.21990883171970735
-0.12194970342951718
0.17280818105218126
0.3300284618214226
0.6808535105980928
0.26220663396422295
0.23233171261841873
0.6641446823018503
0.48534811215699136
0.4878448588365648
0.7445113773073762
0.8268194995393289
0.6116609598266453
0.5512936879396279
0.058077406081962726
0.6762859206525459
-0.1397967163238446
0.7657379390422234
0.29110117507245803
0.9470038033784964
0.7750627926588438
0.5734439273593545
0.6786250593383962
0.5480245311067207
0.7082630163574488
-0.047189269949758965
0.7156732929700463
0.18695668727594006
1.0853980575275477
0.15166394792974847
0.48155978887360723
0.21793652771296868
0.5731613891515202
0.5020058743080775
0.5533882144839094
1.0223769706244452
0.3916719050856986
0.5385603581208233
0.949840943292877
0.4681913175304919
0.8637584111785537
0.04780848712673707
0.8322898782188437
0.4631497175499109
1.003545779450346
1.0274247604572404
0.7857230090264969
0.8625218093248166
0.7910222212547209
0.9167536876928072
0.32454759252014376
0.7459943601408251
0.46558258661765634
0.8642782395992258
0.8200451111701524
0.31339304822541436
0.8788095350030887
0.658189913416248
0.6690338519712885
0.5079443710438402
0.8991262067388387
0.44186422921553625
0.41648403236744885
1.0386884393480258
0.4677002127958918
0.4118167745732124
0.48557740158451873
0.24624182285387824
0.5430254811464229
0.11660643133510652
0.46930877107294655
0.29839883951615137
0.14746282085065668
0.2875703993632182
0.4252613216528505
-0.16519602303246625
0.4615405222602644
0.11182142932790885
0.8492483513268727
0.728697881790743
0.37604321833177157
0.6058467025988845
-0.011730381203301426
0.6354148278609382
0.03330508055087573
0.7415620695109677
0.9992930549856115
0.6821700495504168
0.007717260902345179
0.17861903700848045
0.4019471205616318
0.3552390723283333
0.310694898418747
0.13265860131199872
1.052188463676592
0.25055015993720947
0.5452953441350182
0.002420702617230719
0.18702893486150732
0.15876401665263107
-0.056919842225701886
-0.1937216271065439
0.47779407740100405
0.2559699262388305
0.6056241263531807
0.22740126356806212
0.5840406886727416
0.150648963775528
0.3789552352834128
0.3522171272898636
0.21977311632956917
0.9582069825964412
0.41402250179722067
0.8156589789279179
0.6572512706362503
0.5576613513137016
0.7401114797250719
0.4936777038135831
0.40533403785228833
0.40640227013297137
0.6910951423565864
0.30230766769116313
0.2582394012940122
0.6413047508047204
0.3162056975177404
0.09670455055621853
0.6489796253444386
0.8933488545398935
0.7609701867007289
0.36823976411458736
0.7264410296331089
0.16344184593719957
0.6845428710683802
-0.17435618989951973
0.2669002681560412
1.0832827176523958
0.7370217353782856
0.7921359445344327
0.23527659093965417
0.14973949497473504
0.10320309833259063
0.16984448183963197
0.6768156948880003
0.8902321025895604
0.6947395127331453
0.48231741002844136
0.9439619670758622
0.5684625210941239
-0.05119302792796158
0.32654394924484825
0.9395034398075865
0.7081133137624613
0.8702964677533017
0.8884316490351044
0.6778903400352448
0.7115652820446712
0.6257749914506566
0.400308752580735
0.7669853829273853
1.1709087735614343
0.47786367455081297
0.8943327937738154
0.49226356170446056
0.6644015693092109
0.29959346430199235
0.6114567996455118
0.5977317861123089
0.39275463041913206
0.7441663760536151
0.46385721881141706
0.5806298402963803
0.611965862439327
0.7507200968763205
0.5095835691823083
1.0720744680868128
1.007533727025887
0.2741599508368846
0.4176696648552816
0.7520080560563448
0.5194782782288383
0.7655815371138232
0.851741597008005
0.9710337338127963
0.8033437511275012
0.5578831500125089
0.41165122865813725
-0.011072834952661339
0.6898810685307611
0.3704765732005084
0.6504373770071078
0.4615625846475475
0.4324916961130169
1.0390101298844643
0.6041068430590523
0.2332035931443265
0.6252425359997867
0.4200413498915297
0.1094701362828697
0.6991023636356912
0.8416130231628681
0.595082817200887
0.8931462154667127
0.47232609561730965
0.8059049874443498
0.13850912335604537
0.744151456121431
0.35348934664750753
0.46944343327775395
0.5156804919964691
0.67912449171691
0.5986767591174591
0.3129100923082344
0.293963405525797
0.31002500074594497
0.49391481564492457
0.6224596221345475
0.972847798674351
0.7412986713397764
1.2031646757091663
0.25480326171880513
0.14103041228049965
0.5991072988053064
0.28615524242101226
0.04775095531599444
0.2920869994925829
1.0128589565323078
0.7234307963150033
0.3564672501906698
0.005169464911798488
0.6234903779632048
0.605381598210832
0.6466748598205264
0.5828613446759043
0.6241154602564973
0.8115987291705326
0.5989946315699574
-0.15704227428456247
-0.19052422282078071
-0.06761933429502162
0.015588417521247738
0.4131942257185985
0.7392929841939554
1.1218543984573568
-0.11727771821207439
0.2212589353456173
-0.03281731808705588
0.5646975650413986
0.3292063052661964
0.42148198263742337
0.6613822485166128
0.6434057074843892
0.1111694418469498
-0.23508501660416678
0.2054410931059981
0.4998075201225695
0.4225225963322914
0.31170111598095607
0.8095803982507239
0.7909743297808507
-0.03293304586717445
0.3943802556541602
0.1712553849059448
0.04569613574574898
0.19996155309737643
0.25350890759747025
0.9284573932591568
0.5859010489064804
-0.12746201894538925
-0.19292652691818787
0.09356140305879282
0.33229627901781167
0.5119712096320419
0.11990689161086074
0.701855090686169
0.9331958448896394
0.10589720379282837
0.012504560564478535
0.061545798150714745
0.6037002717342262
0.23990831143071345
0.5257847616230055
0.9583697924953771
0.3220355766444023
0.6394195468012661
0.12744601333090452
0.362444990206455
0.7646410669913826
0.707859679322622
0.6737516987115983
0.5773036110581102
0.6211553082656132
0.3015355244694948
0.35349078488841273
0.5104946010825764
0.7644423328303545
0.437585354055894
0.5307334880328997
0.862977043812288
0.9737359640543536
0.4119606800449375
0.23289764394780682
-0.09385232730137673
0.7120272824031018
0.6307773718754135
1.0347431828208171
0.7072006344446651
0.7901791241412225
0.9559735251501954
0.3812098919703865
0.8527686385261128
0.8936982792070817
0.6539279422827974
0.6689313744483077
0.742147213114308
1.1649176677901436
0.8761211246780997
0.8986872691660983
0.10815458058729557
0.6817861464576399
0.7728729786243362
0.3784974071358078
0.0689857375737273
0.5892535205990548
0.146508413317705
0.25238284693577345
0.7598490806384929
0.780793315009483
0.20835423419981505
0.6548826344323945
0.059008248585875965
0.6361296018266612
0.047377448607233565
0.36798727797493347
0.6955642805577911
0.06417918855857357
0.7167455938681532
0.06697995018827745
0.05089170864977382
0.6013284849010276
0.5493924814223544
0.2653847099930764
0.7124009441797372
0.4535566765695027
0.6013743110323343
0.2739787242027886
0.19375373334756435
0.43094879955501636
0.3891473290300952
0.35533486476289633
0.151080922485232
0.694723810069037
0.375357641635743
0.8990796997031837
0.11793586820657714
-0.028673360372377686
0.5606625376654774
0.5196918764388773
0.5583245817496751
0.5827414050720979
0.8503173123337289
0.7457351970355365
0.4273590833567309
0.44301453914949473
0.5296614202703646
1.194097878558629
0.5630119238848711
0.947950691866331
0.7693591073170193
0.9937314407033707
0.8425509676734907
0.7663616377588027
1.0225772536929214
0.7659305808865852
0.6801951825765521
0.9745595918077335
0.8474376813006114
0.9988183849291276
0.6971032355421238
1.2928836646757569
0.7337524503669345
0.8452674031716872
1.389149889364807
0.556254380915978
0.7373687712653129
0.07610748823302464
1.0042773093877493
1.0616576937131645
0.7791800354728581
0.6077227880360321
1.165310350566922
0.7979373422597646
0.2922265774139249
-0.24405372523111005
0.4500564972001109
0.45161797251404234
0.10620094354780056
0.14314235226846037
0.7910452595567863
0.709126732809346
0.017196795581115133
-0.4110038475524626
0.2591061808990073
0.43871475070238164
-0.15165178985748431
-0.024380663880204385
0.6684844948121778
0.6655501257472812
0.42385866977749154
-0.07267240690214721
0.3564959056343942
-0.14834152467855766
-0.12273440119128892
0.5274136669752951
0.6255769126598913
0.27206322996371285
-0.0543716835133462
0.0055783653262562434
-0.25755731429902945
-0.051695821498976
0.05807551905120405
-0.08400933414289008
0.1324159551265206
0.3634243059569073
0.7143727762613402
-0.2004414527254446
0.5289552220243268
0.4275603002473144
0.5660689571456329
0.14874400909344243
0.5803530438579608
0.23474949258800648
0.17912390490978874
0.48600792519434494
0.3539453509827796
0.08541726036890918
0.17599072287949655
0.7984598395591701
-0.009950540914610532
0.43230195393222126
0.019648247943877
0.6514432962398
0.5642221271973273
0.10895361831143914
0.4602081172451429
0.22479952831843586
0.29317449301116466
0.06157522393406506
0.42488576080683094
0.5878316586246337
0.12146034086493662
0.537267986481512
0.5566718354059537
0.3061878362321366
0.033142395112134466
0.34690725718560766
0.6175217343989654
-0.16663112374419503
0.6552198058028226
0.0039759834632186325
0.5221943652673041
0.45891989581570203
0.48114921243246994
0.6696949942547284
0.5304758947021987
0.16358317239791328
0.6479966170824534
0.37456327983724463
0.6343678873636683
0.055354917026790976
0.18323176500666483
0.6749552671185789
0.36693666948211795
0.6913247405884002
0.24675580930270094
0.4298798611093971
0.7171217483663598
0.018767279627007055
0.8211411437154613
0.5712303164439936
0.6355891540019282
0.19213722685079507
0.7109643967080231
0.5971611700944867
0.4053547466613457
0.49426838186664795
0.7077709781995248
1.0657367006059943
0.28259589218913317
0.41855800235579455
0.1744953646775888
0.6323708688503448
0.4180491893391052
0.5186559151685265
0.8028438198072294
0.8211285171989269
0.6412305428018176
0.753199533374523
0.35193343125904
0.10506687126850023
0.510278396885935
0.3417494608985152
0.49897387337713167
0.6252642398982856
1.006120050422765
0.3965108683303452
0.5302815912867211
-0.4381401714407497
-0.03934673433984577
0.9051093810147193
1.041132226275347
0.5325070380499386
1.1409212686848267
0.9489726309955419
-0.10549672397009839
-0.5636571211358951
0.26639682476439075
1.2207310305096442
1.157777783960038
0.39807587171082404
1.0857858645968168
0.4908192672798797
0.010792930562950581
-0.514250049573117
0.08178793433018654
1.155528588474443
1.06458875823278
0.4947639014879579
0.7206532463099662
0.07204781365256256
-0.12782610633845845
-0.48109356919668755
0.14772365195740597
0.5322034177984973
1.256021793892311
1.0187069299787939
0.24100642932148353
-0.29291534541455055
-0.5180413984967807
-0.8654120936282388
0.2620757117307133
0.2079879328908146
1.3074985107377308
0.6841848314931245
0.5012381484188739
-0.5954646677430234
-0.41903448467700893
-0.3943817797936714
-0.43245177972044435
0.6151714889960198
0.7749826356731111
0.6421259692170224
-0.23018457583528998
-0.10708684410999847
-0.6051645043344632
0.15564057349922517
-0.5086342797474427
-0.0828948522837307
0.7666587045023276
0.41931940617713526
-0.16390237272938782
0.010029139830767898
-0.23047508126025332
0.010319292084479516
0.09674402655857141
0.43685570479282243
0.31643334363653924
0.6399099502190064
0.46991898807058685
-0.07585879439895345
-0.3169438728664672
-0.5800493062290011
0.29886990099037375
0.47359962967409724
0.5033931606302345
0.6498122576811248
0.6976266734171823
0.7617126363717885
0.6058493473761574
0.6411794843995078
0.4580885098484891
0.6550204264371746
0.39606716972629585
0.3684941385360967
0.7540676496712406
0.9956450810311114
0.7385970994913664
0.7375242075502598
0.5717300134421562
0.6670871853982375
0.07976879199743625
0.506185681967869
0.2611436886803029
0.5444840804830217
0.8208136844028902
0.9207860560163763
0.5765969711994593
0.2867140320170661
0.04821804115926882
0.17543062429516254
0.966551365331738
0.4465855063275237
0.4740955628371923
0.5265822564235794
0.8601681441423589
0.37744849967181865
-0.13107801321489376
0.096894995479897
0.8181783720928427
0.9502830549940381
0.8070604521267103
0.6125529385252775
0.7285909154606952
0.48070986431723683
0.10958634560937446
0.46479667746389564
0.38496058353789925
0.87005045516844
0.9797949821533151
0.8868485250533185
0.6070540705384089
0.6306698717113761
0.8969955636219733
0.248610150864151
0.9664132024695269
0.4855740438598303
0.27426683913221495
0.029563334754173186
0.5002871373635397
0.8161787509309876
1.6105979707140066
0.9172519481020472
0.2216360321586588
0.2526432099717079
-0.15820492334098288
-0.34765602094193854
-0.05541779869123459
0.3549856472331376
1.7891346319338883
0.7960155656924996
-0.14313490265015733
-0.1805323205742693
-0.6209701651389321
-0.0952087256191771
-0.23764538750458916
0.2501176095609871
1.8429245517030248
0.8224348011084336
0.34321643545323144
-0.1371347197995627
0.07136362229589323
0.1254204542215283
0.3270546806895132
0.4826275159877016
1.1376316908745567
1.0186506518329257
0.6127688140895092
0.5000682930769875
0.17527398545842285
0.5361465168663583
0.5493995499436719
0.5519656503364111
0.28007603868893066
1.02559998765771
0.486359465007499
0.5794269650898223
0.48998147223198
0.695020777339635
0.8469065999489491
0.6572252469991007
0.09295241552668938
0.5404787106431939
0.6450941612980805
0.564844396969372
0.6337806211279906
0.7351107041162702
0.6750958355336503
0.7809601698032398
-0.030248983273169987
0.4044985128488792
0.7208360567441846
0.8096208114738281
0.8600835937757888
0.6160606759307963
0.7824238356100917
0.4744470218958554
0.2984750341115698
0.31106448840385514
0.7369425363608956
0.45219506245189467
0.602237473949695
0.4823322488324934
0.7047064979455062
0.4615443928225322
0.07372767488534815
0.8126432506461766
0.48776201022627064
0.6343160705100539
0.5865170898304871
0.9580396146709866
0.11221614688591605
0.4694763718215127
-0.008851171273858243
0.5343453505048632
0.7224486610692752
1.2959604202237254
1.1297815082802254
1.284335356935796
1.2889827564552616
0.48097302513051693
0.5137323781143812
0.8663632244245729
0.6215816200534235
0.9301725659398704
1.0058208525291799
0.47918018002645507
1.016622278465051
0.7209997997128723
0.7635993380326587
0.8919769666686215
1.0413127487009632
0.6785977108185347
0.6351715864753907
0.47736940539144446
0.9512132762665813
1.1546037616435898
0.8835685393863165
0.7373741714531704
0.6621868532847323
1.1802108809604535
0.5202245656731445
0.5854491756745397
0.3681811282657589
0.8263497057898073
1.015427684221924
0.3495250304565611
0.5168640528883612
0.46247998611765717
0.87337661487078
0.33228963147766616
0.8259468083584117
0.7010282679137944
1.076616966061286
0.8714489630003837
0.7165094543212556
0.443473030242155
0.379086087980307
0.7674603739936464
0.4538112582000534
0.760796889071986
1.1603161879959836
-0.06099134474568936
0.7028132125669211
1.0034231161075162
0.5889999181404975
0.4621538670375646
0.820074568831077
0.7348997644859051
0.6461985902715115
0.12384058164606636
0.746429079752073
1.0369316518793934
0.5703222933286726
0.7243346756013977
0.41526158346164904
0.5963205448573131
0.1368204529842597
0.6001956238481005
0.5433582135292314
0.9324046919872605
0.35747244506971765
0.30571599832946184
0.2928734776953563
0.14980986845122
-0.1424653063112463
0.0558985031209805
0.960397082575838
0.2600259500554478
0.6197595917937855
0.23470680813905132
-0.12478975853802322
0.14757046748090988
0.430096489425259
0.4245768697238787
0.43782869313622286
0.47255538696584437
0.6458408069922535
0.1813609534940535
0.39665135201671464
0.05693147819232462
0.0009171708051169338
0.2598342397091553
0.5349708955171588
0.31317939125899175
0.4208783763943086
0.25273167476053654
0.22652849612403952
-0.11150895274727285
0.30209562746068125
0.3256417286717142
0.7382037437979618
0.6125873662221772
0.2607030705439555
0.4634754169495742
0.2638618350518715
0.23888413616111726
0.09231063369674881
0.6880034524270425
0.45019588180042464
0.5274359802193592
0.5459230858009503
0.1335977458421654
-0.11957706509678855
-0.032931583786922965
0.5220632893655771
0.530055486125576
0.25516494478575236
0.38869162778888194
0.3676105769497972
0.5214741672063643
0.4518223433184237
0.28671614770965664
0.46108497525339265
0.41047138257215
0.3484848951762045
0.7858880990440918
-0.027988016322044597
0.45594214496396485
-0.3394654307878524
0.20898172740476845
0.6577303485857718
0.5983008804862573
0.23180184028780157
1.2152297000007615
0.5673214628947614
1.193445978270144
0.49928172823716677
0.6045762721688468
0.8129806630450571
0.15496507262884193
0.75675434723622
0.9398212658261518
0.9495549737920247
0.6728929834382011
0.6853073025107094
0.8370995987026287
0.4904551289974271
1.1254903463711077
0.8526730211356486
0.7015510778438648
0.8519618268194885
0.7356370882191001
0.3619514576578059
0.5036767947148821
0.28714537157089
0.845968410273644
0.7806180863035214
0.6678436607789717
0.8158635733297916
0.7594743745497083
0.503972166553263
0.6521933200570943
0.6138894277925325
1.00004791364937
0.45588662250277645
0.8218299189866533
0.4652049874592816
1.0438228808487913
0.7018032451828419
0.15201183260255718
0.01607936849002083
0.11922347132790034
0.33626975977466184
0.3606395248223232
0.5038499585628906
0.7274499781034673
0.3126526281823323
0.5022692140273047
0.40417303139930066
0.4090817478307307
0.7855021885047448
0.6942703088882435
0.6399014063700884
0.6184569333242461
0.2248315692468606
0.7095142405331881
0.4950321678759507
0.43332620983025516
0.3617373303636457
0.15436779831910274
0.22918009282451957
0.43964581604963715
0.5676067007901162
0.4049626816170497
0.1592457681572187
0.24506734818106363
0.5046511236454261
0.5185956087910026
0.5068471855219482
0.31559924673516576
0.7172358576786159
0.7185260398106121
0.8118555170179849
0.37607562724398164
0.34722919842428807
0.3832704920905759
0.7118143035372779
0.22990410621344043
0.38044817754967714
0.8407146641378004
0.05466050522558712
-0.01047006926879069
0.3637717233312336
0.005784751480709535
0.28624089072608006
0.6259831011570904
0.2311566261068616
0.6479372755690022
0.7354022294259543
0.15740109392671878
0.16453118521535168
0.19270272599208976
0.6417185565592697
0.65708098170694
0.8765617746078052
0.5992771544225958
0.8799313211587805
0.07691836811189802
0.1109056234012068
0.6985546218725075
0.7094966430617785
0.2234760047125991
0.2529008751849354
0.5847541306435335
0.3488559482160591
0.5021614460693258
0.5220147446648469
0.4659447638651522
0.5291895633440804
0.7734458038264319
0.8816550057214871
0.25257338483957315
0.54104179780563
0.07111288647446731
0.5307793320914892
0.7274382728673323
0.1788472765225647
0.527953895828702
0.2301239985914539
0.5613376691479163
0.7469200361873664
0.6291261102377431
0.6894751799416203
0.20170944277111416
0.26741164526440286
0.7519721310060303
0.19970834182177602
0.6513789573569284
0.5925906869729605
0.0846231927259664
0.30309198724646147
0.6375055792136718
0.7919494585945511
0.3945576973024795
0.4118110491557035
0.46488282702154576
1.1243124311197608
0.4166488359663156
0.2647016227560253
0.36385648341310584
0.7058887752498572
0.7290588213319213
0.2980077458688207
0.9630694825400146
0.1486023160288777
0.9786046274917279
0.45428086094661624
0.21148263353971303
0.48255159633953315
0.8551039485091
0.6825911467944469
0.27243998898976113
0.8229465950608065
0.6112489262334438
0.8573992424044151
0.4241444363827448
0.3849661824667033
0.7997498879302677
0.7539695329686867
0.7845802237474917
0.4214822443744523
0.9758758157598167
0.7544200932832501
0.645874996992077
0.6894601178874384
0.7794840010498484
1.078304794078004
0.47656115662861365
0.959677618969944
1.199028060274026
0.6893455946139402
0.7997909867240687
0.7601681027365528
0.4688032233421357
0.2142175339009106
0.8122044446200574
0.6998991500463925
1.1867414773095128
1.2511327273832464
0.7103310746356354
0.44689573670591126
0.3020272533869273
-0.08931244176523231
-0.4038642778341251
0.10653242314038541
1.1770834240483996
1.1476649771611775
0.6891342414201553
0.25296159068836327
-0.00682752006686746
0.04910876626398132
0.03960805813642689
-0.260361852818194
0.8237301888224535
1.37722286678309
1.0273837626911704
0.21373343730638486
0.32805904634572325
0.04955294481617589
-0.29735346563755943
-0.04242377395103706
1.1346822158225345
1.048078425018978
0.7161623897881995
0.4789345192913649
0.29619670697094563
-0.23676336345220883
0.07617459507967768
-0.4822463625991228
0.5090014737542851
0.8445791775502485
0.8190153162499307
0.6410920698991283
0.07379673936400566
0.2681094496653527
-0.3139213102197495
-0.2252037699840845
1.0397673354677122
0.9347758147254301
0.6074355218255647
0.08640175035492909
0.0331003925068138
-0.059820925964135914
-0.30246639368463446
-0.3004151542935405
0.5263568108578388
0.24139154073780675
0.24645947820247638
0.346122281670842
0.00627959642995091
0.11031446086552686
-0.17328600799271743
-0.00561262867147783
0.5225932616957375
0.6135973930336426
0.4291924136372873
0.5737166882826322
0.3078086077734208
-0.15563545659103417
-0.39523575293052987
0.26143646659768044
0.6720167908615114
0.6218500335151647
0.43462886823988134
0.2259089747617635
0.5418442182964363
0.06551390778024145
0.4251613010071668
-0.12060127713979596
0.5824992943508146
0.2750572120253691
0.7189764819919936
0.030611462139167427
0.005898986087529372
0.0651802469824733
0.3213009880004375
0.617982627677864
0.09336770808710451
0.13023996996821718
0.29710260788192183
0.5432040560320464
0.5404161315002225
0.3687393555708551
0.6714133347813446
0.4610539903912047
0.7656304595466527
0.664797190742228
0.7972493059565346
0.4030127563668345
0.8507954364926841
0.6989458086227142
0.6674085083881487
0.6289349536837938
0.47886663206818675
0.32940884857150815
0.7796435613101428
0.41597804859423354
0.4714925566979093
0.4301228144382271
0.5405306953600727
0.4967117313405276
0.15039517618913878
0.8904713219734605
0.7407264393026622
0.8721754979775984
0.5748131979825807
0.611431209227734
0.585519993981061
0.6635320375855769
1.1111109221146453
0.6540009820431979
0.47650039927233473
0.7071379184126277
0.6491671227067193
0.1777888744496421
0.26290634146295494
0.9302134040534826
0.6079895504358467
1.0119757732336374
0.7663782700564815
0.3136946772320487
0.2244123906034062
0.4019834937836898
0.30301923902755296
0.04735546551519911
0.7023879527975144
0.7547361953282756
0.7526654829076517
0.42601567871485985
0.2371040070305406
-0.2575897278391944
0.010826921744306403
-0.3743339639680962
0.15196736183068363
0.33341464825411044
0.6976168230985966
0.6670577941481175
0.6880612108457974
0.765632112601216
0.36868500055231973
0.2906589200037766
-0.24796307426357747
0.09155723255658314
0.4670665133908194
0.2841548479198825
0.9018869639121443
0.7063409440842641
0.8041958255200979
0.7874379331101785
-0.27481812151951773
0.06921512684414308
0.08508338129074364
0.2228773675063612
0.34502565033878424
0.8151795935107065
1.0967511581150218
1.4263854609102171
-0.2846130680081053
-0.06599323595075123
0.02489281739685996
0.05240812969311845
0.6894082394671405
0.6333989340480626
0.8615354974744103
1.519428135895437
0.459391283191588
0.47876944994905507
0.26688557449509503
0.35281179762559156
0.5347083043774367
1.0009951281120761
1.004087274565838
0.7786307240853428
0.8858367384876144
0.6900353257783641
0.20865082623597722
0.4315547924927723
0.47240476180004703
0.7438438405518049
0.46852275006186134
1.1079667773525115
0.26916006082741756
0.8414280653669247
0.9026636775207709
0.5872756089953405
0.5456716362943514
0.34268401900519674
0.5986756274556567
0.24242745947811487
0.3889887623713012
0.34297574087974725
0.7415776692580808
0.5743869567117773
0.7453308816989216
0.5289414118240074
0.7346492613995462
0.32274877125885676
1.1780134913095632
0.4002164412400777
0.9580930241689747
0.9148623662495134
0.5861512052146804
0.1285198099314758
0.1687009813813435
0.4922441374138291
0.27142569402619576
0.5974322439890196
0.5624651106337316
0.5317680931994765
0.1963842605096766
0.46074898822273885
0.387919348393818
0.9627363981009167
0.24584891176316068
0.14220477745876792
0.23440097708766533
0.8603760207461353
0.45328164740240423
0.8024847494942541
0.7080649219350519
0.14555619448122833
0.42036377597172114
0.7553463628621844
0.4299556155431901
0.2325603803769016
1.060528516378046
0.6623339283636785
0.6682881394168307
0.6868788657429393
0.44155467214819416
0.1423717801878294
0.6736266335344301
0.7668574162711967
0.48557045764878143
0.8935179193029323
0.34233508909542526
-0.1189127652778574
0.20893738144104987
0.49961284801927436
0.7161673344785142
0.861141375602352
0.774376823737544
0.45663429584589704
0.8133222626498793
0.5065790689011541
0.3994874571362468
0.33282420631329235
0.5554968692902394
0.9027191081215001
0.6204036725482549
0.7463418931706383
0.5747659945433623
0.40020026927272595
0.4781028955177533
0.536056967681495
0.7104213975422623
0.8486359263948526
0.9578932093167849
0.5538087694286493
0.9307751988161345
0.39457890991243955
0.2765159081175142
0.43859326181872693
0.5807643515613127
0.9021061676243693
0.7974102401828306
0.8701529284907099
0.7211333023279278
0.6695986751895188
0.35070538937937173
0.5423274413242231
0.6928212561426457
0.4996785028943325
0.8128618479617012
0.9577902574899225
0.5781145977059141
0.8862273431258972
0.20580111334458034
0.556479060897949
0.7345747540074099
0.5163007605217002
0.6094411708656488
0.39627289531291693
0.6242819246876038
-0.05400324448293346
0.05653882630329637
0.1859171670488399
0.14955325983886944
0.7305965505109907
0.38649113804362917
0.7954915906972756
0.07075076347483714
0.26094877850225784
-0.019939302527456154
0.29600644025802586
0.357369958448129
0.5323492673010604
0.7913493940317283
0.36531145857141584
0.06549304390168124
-0.002432840374931606
-0.2936469126141931
0.11053460662965078
0.37820676098373207
0.40954724552713784
0.7584782002035808
0.459006562497493
0.47757483078908874
0.5596346934951825
0.3148371540635548
0.21044890267006897
0.6432601516009779
0.901315989293707
0.5310037673179734
0.8348629231243048
0.41642579990880524
0.6740638321108926
0.24774723122815562
0.10301414598475306
0.05648866290199896
0.735729934598739
0.9312401838033544
0.5747262586634899
0.8069937126568428
1.1534891377535668
0.3288244646809773
0.1498866428827485
0.15304193910843691
0.650853225595443
0.339203402319888
0.5121560152670421
0.720849375012959
0.32862281466390425
0.5813202826111732
0.026087867780112173
0.3198003054628384
-0.17982156733196825
-0.037950382430607395
0.42106197129984235
0.6604094616187949
-0.030686493161503785
0.5651453013387626
0.5252436572209916
0.23669549302877785
0.45651289345259
0.2641704693663536
0.41347909350845885
0.02719207324229606
0.6226930967914375
0.032232511901363475
0.19874674908353315
-0.08915964845789603
0.17359494375524273
-0.11480375112334815
0.34288539460885914
0.4559140599851539
0.8270369429653341
0.6786294591372979
-0.002903122498700613
-0.306031306978865
-0.1427347825984876
-0.24086016659045276
0.3002517233494833
0.1743603315230294
0.884664491796406
0.7526525657952082
0.31708124238383256
0.06316740760786857
-0.4766518549755817
-0.10600885164255519
0.5072163249687656
0.4758506395353334
0.8032163014189517
1.1712046580995077
-0.14444659553667455
-0.14256057101791153
-0.2843784710673229
0.2842678391302059
0.17786947116661378
0.5494133263257392
0.754442038483786
0.8768219465151126
0.3662174000891963
0.12608658340671403
-0.2029422613472731
0.6295095016972279
0.8131773483432491
0.3825024444011948
1.0240612743417952
0.963230925438962
0.3800789149517157
-0.29813240519687456
0.17317939757239106
0.4196550267206017
0.847187053550504
0.9916028318740562
0.8399294377948547
1.2254888042647054
0.3790327666044148
-0.3632370774103609
0.13860358570131165
0.5990412772761359
1.040337819336079
0.5644790372378752
0.8162870259448374
0.6680670874860346
0.6900993921398708
0.15647481067584185
0.2595966045992308
0.7299175677200037
0.6900377889246461
1.2699740448677888
0.8045935907988344
0.5030100330870789
0.504483013840928
0.37662155502281375
0.5510815088831321
0.4599175598523424
0.7688692866261386
1.0309897637797678
0.7579554657810968
0.49090289573130164
0.6154224631308975
0.4235787130328116
0.33830112155160275
0.648629318796591
0.5651893450922281
0.7713889680573451
1.0501152642349352
0.5120006748141922
0.42978241154463
0.4942322284136312
0.5916471331831723
0.5120283723860605
0.6666192292271966
0.48821472029189433
0.6091532207699621
0.14413329961835603
0.5792097918358583
0.7292003314055305
0.5859321270576984
0.09463806877641509
0.6254573840328859
0.6560866331863002
0.26905213791826366
0.48834266258240383
0.18733483482501026
0.48209156344867127
0.16298944594888992
0.7043851296819497
0.2417041059472035
0.4909896031019364
0.23765173223180838
0.5892000777237172
0.5311563695103677
0.7528577091026785
0.13880163965950854
0.48499407791354954
0.31263314843514756
0.21919786169842537
0.47546979543277823
0.49393066094399646
0.6220266277908034
0.222530726731893
-0.0385781113825611
0.6106974712250167
0.316438767006546
0.09068412254812924
0.4554346207086755
0.6611872999542713
0.6751440566483988
0.5961743967396269
0.05538763328513851
0.4708361988211247
0.3897249547430969
0.7638417991303328
0.7774246127906003
0.3451056501540809
0.6687455720900077
0.5051526121804505
0.38436829465296124
-0.16876780884899464
0.323925702333779
0.6294438720780094
1.2039370251693238
0.4850137009823576
0.6084922652179543
0.07888227694477759
-0.12464851391282476
0.16465172505414993
-0.07804313360586944
0.46568477201728653
1.250369762323937
0.6643229092176556
0.5380258896552251
0.42877807565733633
-0.12778710455049483
-0.04230086654219273
0.06102424173153428
0.9511062523700188
1.2149746473642336
1.2225432098039195
0.5208327252497875
0.4430229996880403
0.060003493307806396
0.21566730182607755
0.4380137173712798
1.0517217642820087
0.9344885883392328
0.7202705307348886
0.5365971634432701
0.025248639256118307
-0.09691835800127088
0.3883850319037658
0.19707927017245536
0.6551047761346934
0.8351720957565183
0.6416162841022234
0.6761614354070388
0.5307219344914824
0.316436988914966
0.014553785059113592
0.31195396815152254
0.6711522428262477
0.5570868179515893
0.6581409059040534
0.5381888370309099
0.5356139961228958
0.09770074024120882
0.41126829681977256
0.8268895930191366
0.27377263329892426
0.632855723765425
0.40020967895875165
0.7138700924391849
0.792343850063987
0.2954487045048618
0.3119829298145232
0.5836856062932398
0.5497422028873178
0.16110560672149749
-0.29360218913089436
0.8172513806006938
0.4260617849414438
0.5963581512512804
0.9484507863699614
0.3146551626547051
0.4634357315652462
0.6728865325542586
0.40306380572377176
0.45699269631700407
0.45439824280894875
0.679118230996858
0.9208768711896242
0.8915502973653121
0.5517034991155404
0.07731458132424748
0.4950184322432322
0.43937141490803383
0.7570504594521306
0.9163153641407442
0.3836313872906807
0.9548585913493067
0.5359338739462544
0.6270989835087621
-0.06371471916531207
0.5877583561941788
0.29146581860021775
0.36157947399882195
0.6839168689528368
0.5622060780645387
0.27872777814479266
0.6180107047101309
0.7706714891233819
0.49973883937038555
0.7932074607942818
0.22594990899034012
0.3762103963452937
0.8667417626752674
0.7706571563866674
0.04859775651310771
-0.013636293135916818
0.09884427387218306
0.17638206889768954
0.1717218323630391
0.7110151439706826
0.10748545486254421
0.04473918475472046
0.566111088251928
0.18944696136075462
0.17355437355277797
0.5061938684339011
0.6166785848795325
0.7140959153147444
0.357384309802582
0.7733286323803624
-0.03375122286543766
0.5699199696766739
0.007506028065678214
0.17279285746004316
0.5538214767714525
0.15891780540904774
0.04571431633782179
0.3595778387057122
0.29087554895524603
0.5594786168959632
0.001492964300681213
0.055439061840024444
-0.05213356993864658
0.5596560539895127
0.32484045758344526
0.5084258617251637
0.6905236094489188
0.13684985717551493
0.4689964310381327
0.06195422555031366
0.2881351461606118
0.2326208797670289
0.34479017032750187
0.08522384758329181
0.5139668911941626
0.2528448031185881
0.23504511866849226
0.07825190516913275
0.010232005123640246
0.25124240803935377
0.426345861324333
0.13057971640788515
0.7490161632926142
0.7163935261777605
0.30507915050830564
0.12484505080364447
0.419861655323656
-0.13356935186019617
-0.11251483509522751
0.5713936682615235
0.7523194864532786
0.9133211977897884
-0.17109671859921632
-0.10038475922582525
0.7100539664884562
0.4099097023312134
0.34026802945939105
0.47862807320535417
1.2491285735162194
0.6938954075977032
0.24161718705485014
0.24606793828823492
0.38768230105090196
0.77580251142333
-0.0524754914685483
0.6057167936584603
1.4660499148507782
0.6449044917275344
0.04764556789808699
1.024362753013121
0.5683955180267373
0.5449417032475226
0.6459991873909701
0.5452202950331085
1.093860487261061
0.3449482879476092
0.4032678079698937
1.1177166689032398
1.0882991264203303
0.9199806546953935
1.0025959986887143
0.3515376681554443
1.0608232841926226
0.6838845450477612
0.8488467935777204
0.3207351533874592
0.3421630895121202
0.8284317348196751
0.4075019890924197
0.5565217878177535
0.3173015242872166
0.5326958376451351
0.3783760794645101
0.6737690275336728
0.31506095177359705
0.3505637968279031
0.6575705827996263
0.8457575515660344
-0.009711319693281064
0.3896216900512798
0.5528128864001454
0.6123071301161825
0.2375440093438547
0.432080319124289
0.3874139427054816
0.11028053471142245
0.5624483034562908
0.5641446758518853
-0.0811131030026607
0.36169098679901507
0.05607723614075589
0.6199704358370897
-0.021470015166288017
0.5073833274094429
0.6166441409754156
0.7140675222090967
0.17498740521919984
0.20667239862794753
0.38640461947495414
0.04036915157426514
0.6060230336892366
0.5785277178406208
0.8194967781981576
0.7201316516758137
0.7997384287966218
-0.14325497036419926
-0.032192998981834545
0.11868811120780881
0.7132303415320643
0.2343093255717357
-0.05511724885446004
0.10756965853613833
0.737070515611321
0.018099470848047732
0.5974541321657313
0.45625254989200753
0.05889253543748728
0.1864095512380503
0.2676652959045223
0.5335671313797937
0.07328083011960516
0.8301486554419382
0.02329356487031022
0.05696452804575123
0.5335387868366049
0.7308637786786769
0.8057806065034482
0.6850356032171541
0.597798507219019
0.2151888934723056
0.3632664619394516
0.38754159789939646
0.7066873808132261
0.8437269440312657
0.8639680909975762
1.0441538431006714
0.516704134196917
0.420813531013328
0.3543872642216823
0.5869742439176893
0.5636166163616129
0.4871006816700234
0.2589633837200863
0.8892331216775985
0.4441101284938353
0.7439479793093274
0.5882467731051577
0.6237038674701648
0.8223853939982317
0.9714210980718948
0.20078233924732589
0.6880875218337001
0.4355021160152405
0.33615448927337516
0.5730648160338967
0.5377059437551652
0.789174261205246
0.3001947144428484
0.5102830188554663
-0.1443018835159455
0.30392986793277443
0.8006804373190508
0.49965412774192886
0.7314652098823083
0.7692846414123804
0.31895329222953295
0.5926486894658314
0.13092570347390883
0.5565572647055591
0.9260415191142024
1.17044604211372
0.8717734442431442
0.6353592415857505
0.20241783006084693
0.0498997465592603
-0.4090405791877165
0.4474388244534388
0.6741982139066696
0.5903739301250456
0.544949017781963
0.3824266721881358
0.3729380037716544
0.39824252413566996
0.2899450146992566
0.581092177593321
0.5298611918724073
0.48239955433120524
0.6325671815195072
1.0056436633038852
0.556413874318472
0.29526531613705675
0.8121352332902151
0.4790767342401547
0.600807994564464
0.45895943453895116
0.13634847474735953
0.611762298392177
0.6650650347383897
0.8874728510927955
0.48302700231803325
0.6887593193651311
-0.004372857766816411
0.16480391351027843
0.49620612109189577
0.3096860965793923
0.5869852892161839
0.40290751149552484
0.4188936867895377
0.5877295047591081
0.26155169871847883
0.35320402228612546
0.0756178414301508
0.3521192385753732
0.8130557049687803
0.3842319275740024
0.2762386399829376
0.2385524244545384
0.24311992410893465
0.30920034220011894
-0.08558553067926461
0.6378079909846889
0.04679760495231251
0.6105150991363988
0.8391781212440773
0.3520805084412993
0.6656571835814286
0.0722392537357763
-0.02001010317202785
0.6412458249520144
0.5022296904696635
0.7155543431385935
0.20708085761471967
0.7581561235667009
0.33292990988783744
0.12814028815463988
0.755149507837007
0.26716561741815464
0.08052715280746407
0.6656816381659789
0.752247126756068
1.020100915888133
0.502225988479621
0.14289026190712834
-0.0339294636451419
0.3209523876500739
0.7024714206664711
0.6912418755965424
0.5620399569666903
0.769056364648491
0.9057848133836914
0.5133240676269162
0.2563232297547269
1.0356414658020094
0.5740108786598564
1.2003903137366698
0.7676076202125875
1.1892178410737253
0.6028064826104443
0.723098578535481
0.375720165036157
0.6140078921470816
0.6575063560063759
0.7372028666095884
0.642049649497124
0.8370135869334256
0.8132755463702521
0.8287335852993092
0.6000739680422091
0.7829301837813502
0.7688565159244499
0.9152336944626164
0.7419095617874641
0.6127273128926908
0.8440222404053636
0.8512299463360073
0.7996922139804847
0.860959807724252
0.9474565625581624
0.45173428177812047
0.11039241681041385
0.35596666622536827
0.5963395051674478
0.5480569320271015
1.1261550080090599
0.8381053582592534
0.8969151297781337
0.6381893588979082
0.09210379288642184
0.12672258071384002
0.5356847648666262
0.6878238904643964
0.8691579937186447
0.9888917927996503
0.697142439814013
0.4429717259034696
0.02033413179094975
0.18791452610903275
0.4536852922481043
0.2759906842307614
0.6667141800771822
0.9578844422796758
0.4483419186429614
0.9947609197318392
0.24804801142020416
0.1700200812614631
0.09610387315396207
0.43372782406341875
0.5550945490076056
0.3188479521968739
0.32726580097299934
0.8694019536591105
-0.23522980263167506
-0.14281798928415995
0.38760431502942116
0.30750516366688924
0.4477538552838897
0.3855927340772383
0.7957265430328477
0.6224799822035134
0.14481537995643232
0.4577264814099803
0.1797297565157447
0.37787002528160224
0.5524602689109686
0.21294297263040143
0.7270843242062135
0.22264236456762646
0.20155093330233526
0.25570761529929026
0.5808462440162628
0.00241500645529597
0.5384699560310016
0.18526050914339912
0.23473724212119812
0.3008714829921529
0.40586070199371455
0.908974892794567
0.43849385283438697
0.717716432748677
0.00268150775608099
0.6659322548249292
0.656594298267789
0.5336546502086433
0.7930942804203216
0.5472597088645226
0.40919774437983164
0.6214463969222672
0.5266319449964226
0.14973422653725926
0.15585794772831077
0.7311465838228169
0.7000901936779198
0.33263489139913704
0.6521064027198882
0.24778160046096176
0.8280564212021515
0.3828486075068084
0.6685959880590809
0.7363639430061572
0.5674650976252725
0.8225166755507165
0.4687376944416099
0.4891631021831913
0.7435816887611909
0.5893204545007567
0.4056689793003501
0.6525706229756725
0.6863398348926805
0.7974617602005297
0.0254260767629772
0.7056048553399844
0.5657843782987082
-0.10859450015690313
-0.15088345654036495
0.6644176507785511
0.1713721165186079
0.31078666825666257
0.48459219090100963
0.05443014450569131
0.040813910060231835
0.44852528698925487
0.10466044498657588
0.660872847125412
0.7254521044946699
0.629311663160864
0.7352792057110311
0.8420182070097949
0.31974502696834145
0.848393375022817
0.5499840169798741
0.48088763604033735
0.5102060738761095
0.6193951795110451
0.9547484240614981
0.4689141919664034
0.5253207047766852
0.5972430827595426
0.4206117019610925
0.23969016658608072
0.8542000926218745
0.872384333691556
0.4812903719505169
0.6986634897449279
0.9100307829697634
0.6095625813700193
0.6845717307177949
0.4491900144241428
0.828665229295268
0.23250916976123026
0.3525100695496981
0.5787757708010419
0.4325038812310835
0.6017222367416651
0.8383297420882309
0.44903777751152607
-0.23420531323687258
0.4915553302690179
0.18294765676203195
0.6989158665097925
1.0000169953704179
0.9436305939401567
0.3596444009957608
0.20926763852899008
0.25404999682614743
0.5165337579621451
0.6461840986633639
0.7087380239470034
1.027233496223283
0.6931024341437275
0.8306502822536567
0.5662350011529229
-0.0754876888798057
0.09431375587644164
0.6538975567500162
0.9631177872746493
0.7054058984464374
0.6395551334605262
0.027993055055247733
0.047768440196499715
-0.1692580253550265
0.5890632930090409
0.6561928756658225
0.5573650038597794
0.2415739165160004
0.28924817582639906
0.5947842613141809
0.6812273530362211
0.23208212679364273
0.7342037641424082
0.6763010911813315
0.7941818901618153
0.6225978174394338
0.7595776360022992
0.5627096906983895
0.6743017030175505
0.34220569042344723
0.6927091365761398
0.6766564678000722
0.61816409032087
0.5806284953825614
0.45227453682230867
0.479032426243074
1.0712995364934643
0.6139805240582353
0.5083774753827431
0.27026831236819204
0.3405246610938646
0.8302574775348941
0.49719240290990546
0.5592555086177746
0.6789464797766794
0.36145437529128166
0.30530865561423015
0.4245447478896687
0.5598096907613475
0.4014102168861627
0.5161433808455766
0.8082137523216246
0.5598721853303388
0.42806963515350527
0.6956179554293701
0.5494708777459616
0.3205685765966425
0.37658659759556595
0.5283410842205231
0.037540057425170456
0.37649578789250643
0.03237641255879003
0.46263606069827234
0.3900170207722934
0.6520024277211277
0.2043328666648357
0.599549994272328
0.6079385206267945
0.33600736826924194
-0.8777629537060777
0.4899586650677
1.1397822017900272
0.42666428418881036
-0.09425917063293693
0.17985710443888228
0.34652824203814525
0.5870045223817985
1.0029801894575614
0.8167334450386945
0.8879213911159377
0.6220733643455876
0.8732891261131481
0.20008930729679003
0.007924843019143955
0.663584795885268
0.4961789993440637
1.3598250108484087
0.32516553697929695
1.0404774524340321
0.46149025996442483
0.4012926418800728
0.516887411702426
0.7577613189771097
0.5439494336025957
0.6665460235673532
2.157241109045097
0.9699099426041823
0.31277443168660085
0.350255197394206
-0.29088392801265167
0.8184235387556447
0.16431250079655169
0.7611655600472387
0.41542069475703
0.6378885353658358
0.429748289095426
0.4765359179589126
0.6152062672043789
0.07761858034816048
0.592784618547903
0.20848753543798523
0.2649634035577606
0.3438369247897179
0.11815319573557516
0.5801166914668305
0.08001669974792025
0.800627392939783
0.3393469316634674
-0.011750693520395785
0.7814963282575441
0.15980627978966183
1.4499369060148521
0.6611932462571531
0.24921579447704595
0.6684731470650543
1.5696771342471305
0.07864368722613649
0.3140680864733801
0.2524966607609103
1.7342301065277157
0.12823607194634523
0.2079909608317101
0.6838150046548067
0.34422248657051663
0.8547318251354733
0.23061742828386061
-0.10138923497276707
0.4077825183268043
-0.05658609512173826
0.36709205648848175
0.2970799811836065
0.247469193045828
0.47302620051314104
0.6303841651880295
0.6973682829725512
0.09157611822866404
0.06881852129962489
0.5399744721698552
0.41553491889681055
0.1180857059032848
0.4175114047193253
1.4592858285882753
-0.04468153991424752
0.4446715239560748
0.00526751742797422
1.1069484855399256
0.9054625747515768
0.5064945805533934
0.5553631708953806
0.5538295979294683
1.362653575688257
0.21102603289783337
0.4659604519470354
0.14199271357024373
0.09038183218842283
0.20978467554643213
0.43724242639542127
0.08337191954012203
0.8224823606500131
0.04596151493053902
0.27141969411038874
0.39601967056188353
0.36491499735632416
-0.6752318310317301
-0.0964140043298749
0.3117547695378707
0.0868273965697065
-1.9368931003746734
0.41519824281499434
0.37159588512832564
0.3751146901080277
0.10029409029957592
0.7031163912838191
1.0129255664943808
1.369053914820022
0.5723733699911194
0.5281313877899994
-0.6948124407674535
0.6486772481935326
0.2659205998178753
0.4163308090021674
0.12199457478965363
1.6734938435330478
0.15827304403999487
1.0786714827285133
0.5681550386170838
0.5656682794787573
0.20715797128994276
0.5186725542829644
0.3771206868728847
0.6540317049136647
0.7157935981320571
-0.05659753962782249
0.0979276522460849
1.2824373054568037
0.30596865915707355
0.5530826214892358
0.900975915234009
0.6809248897204562
0.2923379239287204
0.5152397372614462
0.2959990391485345
0.3128718583141332
-0.11615211160821473
0.2613744630073429
0.3014417598102469
0.0952961353465675
0.31935878105475296
0.9956888458337285
1.1117136560153642
0.8154170745677567
0.7670283564067015
0.864260054900873
0.0590391940998627
0.4909352192529103
0.12243639975464708
0.7571310039733595
0.7599604989406545
0.30247806222467066
0.4083510354838081
0.7531492616965476
0.8454174359835522
0.294905650168344
0.7584208019476811
0.011725417192077849
0.5891798829105324
0.452831103848642
0.2541643490372051
3.1102991126422626
0.22972339322569119
0.22803334277344472
0.3167741720607816
0.05166814147840893
0.3218131259455453
0.34846184268534924
0.7499787558422076
0.8081039058817341
0.15354899504135314
0.26699568501627335
0.15170134938682484
0.36124602456240273
0.3023492919456858
0.30009312759591744
1.1911783959478102
0.46105191658971756
0.07532237906645767
0.41728665278897903
1.042891813118943
0.3022060713687425
0.4718147411889092
0.1869347170017109
0.4439545938778083
0.3719672288043198
0.2037685458060015
0.5129256692238654
0.3702576503679138
0.9009017948882136
0.4304863451461778
0.711662899328649
0.5467219349393813
0.5893784234675057
0.011435973607727048
0.5411828830695468
0.7132851696846861
0.34434001808814213
0.42477047169972704
0.36663237562910855
-0.11778814611238902
0.12611021933520875
0.7053626730221384
0.6806551410750145
-0.4453647235227846
0.9405833623045421
0.35858066835918195
1.0131659611768935
0.47498705656911894
0.3701785901024658
1.3294231889369266
1.7504270767276209
0.3710848203933685
0.6054612096598699
0.6379055209875513
-0.2170949898447713
0.4587140978304096
1.296201764219291
0.13394209870226753
2.34511327743086
0.7735376506641191
1.1504654331986852
0.282561097253201
1.0019582751610723
0.3671077066357669
0.9171966809816108
0.3575465356927665
0.9253275280942223
-0.009897869342719941
0.024711423545549158
1.188419821637825
0.46622805782560833
0.8498875689355176
0.8027185394086296
0.07759671883602344
0.1572261355852223
0.7858375373878965
0.26003615819008963
0.34556770949598226
0.7870751605834082
0.589789224516076
0.4787117992285208
0.36109428703635366
0.7113444092857105
0.1537113999789707
0.008346191736884891
0.4489520235810582
0.19938658228112557
0.12477834361618365
0.6039051748912899
0.9267311879308969
0.7503121113331793
1.0246026138873334
0.13213107262095564
1.4076999757888813
0.40316343636162527
0.4624977869114278
0.43751411132406315
0.7475051540162
0.07896466807958846
0.5646024887727401
0.7399211096636422
0.21649941422406924
0.2782835428774648
0.5564728543320346
0.4856621376405429
0.7518185345017668
0.7389109256173108
0.5885289685808803
1.2554592486041982
0.7061174131199486
0.6167500676387654
0.5956500563561621
0.42835531193735926
0.7720505293409897
0.7565688237659878
0.587696799445739
0.39438541361767926
1.6791961945486433
1.4960119351139618
0.9321124588653104
-0.03784563807665005
-0.06139467028047871
0.703183005324404
0.4566674421140052
0.6759687117245499
0.8300973276950111
0.30085502439688405
0.06809659032311197
0.7976356450020231
-0.1129673512281706
-0.011602722157124191
0.40230099784438106
0.5623888192917109
0.2576660499903007
0.21986035185154956
0.7491693849567177
0.1638844378629483
1.3185509640995443
0.23248488261054945
0.8428571543717482
0.30760432336957116
0.580396119273536
0.9102541082767451
0.23836292237715961
0.15203660588908632
-0.10578144383553101
0.3476072562638128
0.3628922984100137
0.5031442769400828
-0.056263768430231474
0.2727236255763538
0.5509031949952393
0.38443003744344023
0.2138802143623152
0.22924517697476227
0.552831224403744
-0.15633072292849834
1.3118965298208158
0.05115434846634488
0.7282941593946148
0.8958331959619487
0.514583302392678
0.73666432207659
0.887580583955235
0.6798066377742205
0.4111557598389218
0.20173960119546017
0.7829308304310881
0.13684630165729228
1.4195063237636203
0.5268974724765499
-0.07957481065938259
0.40320026211280036
1.2681281078106899
0.579809132084854
-0.09006732231523715
0.05905193043365302
2.9780908103533825
0.1600614286217208
0.1722365416078059
0.5646452636612797
-0.14886562358661454
-0.6331905119939012
1.6510812500616185
-0.058027134331778724
0.19582569082839618
0.41801587865686923
0.21898012254176913
0.24709078254369943
0.6951233741480445
0.21453245974727578
0.11396421681971296
0.47331015176615887
0.37303215380710036
-0.03131845836906789
-0.2220957128070141
0.9057647498582946
1.5816805039489896
0.4339221025422586
-0.33012459520261106
0.6556688662579682
0.8247162952754465
0.7693422868238966
0.84650164757352
0.532716695481852
0.5998776921163644
0.5540959806934724
0.10673092398004624
0.6534106140189498
-0.29319821851019073
0.4925231928006914
0.17268746271171176
1.370914662631349
0.32181951105188455
0.009799264000701842
-0.0150032772159278
0.31304479085388515
0.6886481213553328
0.7669619438254677
0.606004304768844
0.36297221577294186
0.5477585923268038
-0.008385468939932823
0.6075416448844095
0.40202600366446317
0.19108278833423373
0.05614633159133341
0.5433122603397061
0.05131257995498699
0.5988038927086546
0.9358260861398455
-0.03867678873414453
0.20623191318171022
1.700343306415063
-0.11342996736552818
0.9959788861244898
0.5636179974241174
0.8775500190672988
0.41926697695404513
0.13171581015856568
0.7159052737942783
0.10313819036723404
0.8523207990764234
0.40386372596000986
0.7943549703561525
0.484795218100597
0.22569035129283554
0.10368795199149045
0.34915330842840364
0.7214474278723022
0.6701736063158242
0.6104483901795221
0.08907658048197273
0.11752148024897313
0.4305127794851472
0.7465245519822208
0.4451829076084632
0.7665103701213268
0.04821083792835098
0.5963472717208407
1.1605984734962067
0.11080578682902051
0.7907925846252961
0.16660317377865672
0.06325662996373639
1.1460965991913783
0.4595116507880811
0.7198109893926573
0.027558563328391527
0.38312501073903904
0.021097579600740737
0.4760173472166048
0.544565616330091
1.0876592071599038
0.8656417465393695
0.3540918298642972
0.42025373514084796
1.6222021847259565
0.7061196817077491
0.6507383539365347
0.5261278383781571
0.09043673055143621
0.5099213844527944
0.5056948257579723
-0.08811082474700542
-0.10883006871762309
0.11857265617354744
1.4355857561707472
1.295610861146632
-0.0030672457739834022
0.2879938546335499
0.17090767003843715
0.9302713522214309
0.5373753579596665
0.6891071612312033
0.08202822300673583
0.3989272109464359
0.3617491773843332
0.5450088175377785
0.4706866473129114
0.015382832548428876
-0.03341130284371385
0.7615716154487472
1.1595565648157742
0.534755737119675
0.7395041664864163
0.3605915180227322
1.1330619594535067
0.13197864070820312
0.6391258821270209
0.12858317106076092
0.6180810379239742
1.0937077976386516
-0.035005932759504574
-0.022365195307964575
0.6153175651537189
0.2525914152208478
0.9281485524769211
0.6786342565980976
1.257605090184741
0.09903568371810553
0.5524230862664221
0.49206880915982343
0.450304351473491
0.4159914262194284
1.585357414778949
0.0040385820192396955
1.2197624535343978
0.3114336461225195
0.798254826050242
0.03510228633070793
-0.08473529735872551
0.5110370130863697
0.7915485258469275
0.4240126611122408
0.028985857262067816
-0.07165715424890112
0.09618700423860511
1.2909455042631808
0.2978270857015467
0.6098771597940775
0.5016417850295681
0.6667424762248575
0.6927069402972783
0.6803736430081361
-0.047226437693198633
0.08090967889738408
0.8019396714761111
0.6647970983318773
0.7798551217600724
0.7181944221426193
-0.12082677601399175
0.6412203501622533
0.3511322666404706
0.7761658024149238
-0.33588477511642306
1.123509951156179
0.3202208746618009
0.7432848290923137
0.043741950343531864
0.908243387327755
0.7308429863438215
0.4484621139508178
0.681056053177593
0.2530678409805275
1.3968237526457485
0.08596171033911203
1.6519804657619
-0.18560164572411536
0.3867232788789803
0.21136043724977135
-0.15688626239763195
0.6666173647012895
0.8026206071024735
0.31478861200652547
0.21761946649620686
-0.07480872596838052
0.694497395341658
0.38956891169065405
0.7093146334900688
0.6046781120478252
0.7022657592014667
0.7637919167396532
0.1993314740136705
0.5630649432467004
0.8419557213144951
0.7133384225270551
0.684516397942003
0.2923826046201153
0.4976455679413634
0.613538964709137
0.3987076073205553
-0.02972634811085793
0.05886934673789215
0.851391418893391
0.06704606988397836
0.08432284733715834
0.6684441595849301
0.7811482259027003
0.6322609008921969
0.2960912517555114
0.8200058302075384
0.5202136160945859
-0.003481966257855304
0.5742701246337429
0.3076603427047349
0.708135036766602
0.6222545235283192
0.6900807494679155
0.4126784244170631
0.3403595835957041
0.10050988863597735
0.3681410159107959
0.6361768557322579
-0.026129239319791237
0.23964622553871168
0.4344224203100167
0.838639292653838
0.5903323537983407
0.4981786252830799
0.6161317728913314
0.049393231874330444
0.8835727644990155
0.6496487631718648
0.3498741687567652
0.5734745580524467
0.4091325922642051
0.37855168127975447
0.3380201679471072
0.7845891455490478
0.08560026366827292
0.5090786148204764
0.17786362838746045
1.2506650365102356
0.8455346619063043
0.25643493596672806
0.9142511047535972
0.8010587622102696
0.2895028181823296
0.6951060969597777
0.7299369790478918
0.5629119791878733
0.37934625235582087
0.35953175916005026
0.002575965775411791
0.1405900968232255
0.1013303149072085
0.8904951593180284
0.048272629960016626
-0.030155628657067918
0.11759681684005412
0.027201047897976477
0.842278210107633
0.4857642042195622
0.8522824533941679
0.3444344337366898
0.31597933064756833
0.3789433340189336
0.0725565289164364
-0.03711658751444433
0.47974622226818775
0.5546494559405916
0.6874109681412613
0.029509313844536984
0.054903413253637894
0.17030774560169865
2.4899920390641896
0.781932054177805
0.0190258749195828
0.5246298302109109
0.43754580312076136
-0.023063367314464296
0.026131367317773643
0.47245831909572533
0.44493089360817395
-0.019042147440131718
0.7558750830037666
0.7492448260699862
0.010947479132251681
0.24349421501865587
0.8109201505461763
0.25142306386213753
0.6837527379235212
0.3272845449791122
0.026832646673481234
0.15799200623411436
0.5052941229112408
0.7150687627654063
0.781889857036963
1.8753492681942598
0.27141445494360505
0.7255098966205391
0.6942614542147035
0.4617658704181711
0.5353051520717187
0.2924991685657758
-0.05957143682875859
0.8670867807811522
0.16872555291772368
0.21216536012436862
0.4768172596471016
1.0990234888338
0.7411398035067697
0.8510056436775131
0.6217412656362024
0.6875109722328682
2.1611651529635147
