0.39156631686387705
0.26169538614905763
0.6816096537013845
0.4246789998639559
-0.019351161576544443
-0.015197220913641193
0.6562545284833381
0.2634452260144417
0.14318332622899577
0.627801771145689
0.19262617012581998
0.6956394248616447
0.42356352208857584
0.4448269465297934
0.5464062782644923
0.44302850097861074
0.24945468398211146
0.5546909764938447
0.5693220874509228
0.7376676246775317
0.5798066579680793
0.5707700642907744
0.8449670005018022
0.5565267933150785
0.06682411350174858
0.5864295188031442
0.6271609120030687
0.7060117678882726
1.0180094250747889
0.7651094561349425
0.47762035458056007
0.32389231911363625
-0.36577346742444566
0.5200108425743388
0.7625908665229639
0.669848709339439
0.7756529882000076
0.46501550072940306
0.6272707774238835
0.14686974081580056
-0.293083519190205
0.5150997979853333
0.3190774369723498
0.7234684696471377
0.5051505286263154
0.296286180438955
0.4634500989665431
0.18314369493527907
-0.15612670556351077
0.3363619216131604
0.5952210853125084
0.5997731734287224
0.4386049658066576
0.3583062970657847
0.4247966920548386
0.2597557163172356
0.9249672602846436
-0.14269545656110544
0.10606737729406276
0.13468971110384076
0.7870074660262467
0.7989933300475183
0.8614177409571785
0.3436653229094528
0.9523603790894195
0.11975540787309084
-0.031518551236400016
0.678649170890445
0.8717079221280473
1.3547702069079013
0.9549445117217803
0.3970173889214698
1.3358205617435708
0.09096939868390028
0.6257953159439699
0.5186193267850331
1.1720659719683042
0.9215793659060232
1.218542674378601
0.39021331288607675
0.8502533260785332
0.39801321600148354
0.2273173270861714
0.11888828574113498
0.5708420473121265
0.7932009197931724
0.5729462081495835
1.1996422349616878
0.4972095535682781
0.2797676187250083
0.35508106155422847
0.20528083865462787
0.3502061365224779
0.012795598895957702
0.7344114505449275
0.9223197383539157
0.333906862901988
0.1100372504449369
0.12335430770571007
0.1751222951620719
0.20870310971353162
-0.012653340909996924
0.5214927926429026
0.8324349667581894
0.703699234321871
0.30924783310481646
0.23287513568833637
0.03224678905154118
-0.19738051097298842
0.16421585157452506
0.16433553778532678
0.883029143242528
0.5706394480743686
0.3672453019876599
0.4000813007847123
0.32453953560914695
-0.12474339378012597
-0.07305685396886132
0.4166530681845517
0.6261582873817788
0.6269372674044154
0.5663208991250985
-0.14644163888831024
0.315600396892013
-0.23676574260671132
0.05682060096251554
0.05916158864049579
0.40575647277536864
0.8641375500482267
0.5776347730253258
0.25650117521261545
0.37717165990166174
-0.028633963319355242
-0.23201840623713166
-0.06942610155167256
0.3791093137151001
0.2190111243373249
0.7156432592491724
0.10737979751772327
0.5348039493078305
0.20173048771654145
0.1338795989351977
0.1530896558073742
0.14399637895369277
0.8051783195247585
0.09579775077362902
0.4745582506178819
-0.06446493968216005
0.07288025530616268
-0.03233645238008636
0.4483588789300434
0.027828775503644137
0.6600336482925827
0.6912835566260724
0.43586922179768683
0.38944145622679704
0.6002412409410355
0.07979196593506334
0.3212142381637881
0.388882285396393
0.4830830551422046
0.31356299956902334
0.20072002847609968
0.7286761703786696
-0.1320152183118216
0.46580429452942856
0.12156172089390328
0.2747117505119861
0.5041950448180341
0.06565901242123992
0.4332743199417261
0.07809454882156719
0.33596691443916893
-0.07056553803956699
0.428251701547021
-0.36086854952046504
0.1081597170675305
0.3581537930454637
0.2860831018712426
0.16079927243120634
0.35013660498179716
0.5309433061054162
0.09772283145580908
-0.22877719643773126
0.49502538553101255
0.4153462357816822
0.3377816922674995
0.8553310760799713
0.3107375256489706
0.2832987093574009
0.5166165334722687
0.36622209250455606
0.3918757989397123
0.2849432888281691
0.44832752751014243
0.3112622297971235
0.5992815616530578
0.6607859010277257
0.5742168822265791
0.5636113560405648
0.0817931526532663
0.7110418481952374
0.9019143804084019
0.9342736280583616
0.3656615305696622
0.5870350132879094
0.6826931408225099
0.9014964250304637
0.5429734749966197
0.874975839535262
0.6673586623820998
0.6326971564312829
0.3854736905206153
0.22859522881693817
0.45066382041259156
1.392768221733684
0.26322002027029434
0.6716431878678634
0.8490868608229228
0.6929055116542758
0.7764930149593867
0.4953757938750563
1.180685940052104
0.9150266311980134
0.6848043623322876
0.8454326650303569
0.8399435739863842
0.6458305086386535
0.39714020814826867
0.7285079653798121
0.8153792109042358
1.087962058407291
0.45354035589503366
0.5922319581381472
0.8326373233524577
0.5562649971481789
0.4383325982950859
0.8156877685226677
0.9133790568098266
0.6484073941501057
0.6687540863475699
1.0916087150762313
0.6862985752575428
0.9808474849020977
0.6327563232815928
0.9385353778171603
0.9052727608311134
0.5994747119411118
0.9955028984958433
0.8179999703048523
0.9485020704611459
1.2976348023474586
1.0583565908989183
0.47202653571028685
0.4097696180401012
0.33231256299686207
0.07636550760877184
0.46470691730490493
0.22141268719656065
0.2826951186388795
0.2756956436942136
0.7763712889595858
0.5123431381287288
0.20301368244557833
0.23785575868067066
0.08325241517665204
0.28862109225969945
0.3268909981398817
0.4489908407085381
0.6386127406704656
0.30618724901889066
0.5821851725121855
0.49856504178838995
0.4998071047753233
0.7005461711785862
0.2539324974948554
0.7572286767397003
0.5015307181579085
0.3584849203942593
0.8188696086733209
0.17086904387098056
0.5496871482377219
0.7958538615121515
0.5990422664432707
0.6430399251295895
0.6436132509893228
0.6558971700499343
0.40356737011304705
-0.009328863761293354
0.30655104863386645
0.7569179206709421
0.8313602674332545
0.682162176565705
0.7237024556093159
0.45345487170607407
0.5124921163952059
0.14810871585318114
0.7878543748842277
0.5326053457624287
0.8877749682050505
0.6609249545279392
0.059427088186800536
0.3631870934518926
-0.28165694066315883
0.5697753329999017
0.5649151503084302
0.6075596195542339
-0.11681272040164115
-0.08233933438603018
-0.16662353660320062
0.1317097219168335
-0.06546417849141081
1.7934748021453282
0.4789300134377575
-0.11504618266263224
-0.4348485342081611
-0.3929415124575737
-0.054984447864055555
-0.1795087774343421
-0.21641276304556384
1.465265024377611
0.3639408591034382
-0.20306677509258172
-0.3537252616249752
-0.0044363556182252534
-0.1015127093366337
0.30790295329727296
-0.042621949596805084
1.813489486221451
0.379165054337154
0.2015266637538863
0.06582294412052211
0.18830214904139686
-0.24285887116148233
0.058180215762216075
0.21981325056802475
0.9524402738312792
1.1504059099002257
0.6834351742225718
0.19440339493613015
0.42174164251584284
0.4218225118946954
0.640440786771074
0.1363482463011393
1.095461087397906
0.48136048652290553
0.39292095925653475
0.6831308208043538
0.8241416106759092
0.24856874544456692
0.29959620402941955
0.4934090167595916
0.17181949544614641
0.6477145707255911
0.8445524717124954
0.3356347122476454
0.32421797332138536
1.0351210574167353
0.2677027343571324
0.06288412497347895
0.259483291175833
0.6352715171497549
0.22816072237161167
0.9863558051901471
0.5145565951689666
0.23193184211578172
0.8404542426833863
0.34949521936221534
-0.032255421212235534
0.6759848555960656
0.42971387225052204
0.7670319807791277
0.8401091974463797
0.4250161388840005
0.5309837221218482
0.5601977147232156
0.5076171664379125
0.5204411900980733
0.8348675478943768
0.4148915638266131
0.6281474770340683
1.0609642830273822
0.5345030227649388
0.37649086638094637
0.09622839918655667
0.3235233392834542
0.19854581151127246
0.22433247911578655
-0.13089649165781042
0.6744046135519571
-0.11094178648826898
0.4174076225399726
0.17408177061024788
0.37644445067577575
0.36112873156546993
0.19745807561955228
0.6021671581338556
0.24476980248195568
0.6164857639635621
0.2138269519600664
0.02984997939370641
0.19795112683547236
0.14300239522878694
0.4672608454305911
0.3622801195996933
0.21462879050498565
0.15821567537946063
0.022613591180889972
0.3413469334883793
0.2952427121422342
0.37041798176273927
0.3407534354924053
0.20285339574405273
0.5173833530375522
0.5328738603614277
0.23647131485186654
-0.17520615794953887
-0.09387765791363999
0.06443277330637387
0.553065258942084
0.25817495469048524
0.6639609486419118
0.6883258007774002
0.4211031386848846
-0.12429570654342861
0.060987703795680887
-0.11739184571932508
-0.009004133107647475
0.40275893897505405
0.5387975970757235
0.5805769626897064
0.42176124090535294
-0.47554848641749603
0.10707688628712883
0.03475626928526493
0.26575832673580446
0.7364716732747889
0.24688979885935963
0.8897254694320326
0.7044703442607393
-0.12057050124414546
0.032517917291185236
0.1729710445417192
0.7077723859464276
0.540883120090659
0.8925886933674023
0.35148902363295825
0.5494585197371467
0.35725896388099637
0.2598210144433107
0.39192674119924886
0.2870788771787182
0.7296456136392592
1.005487382595549
0.3757862658085484
0.671212535233538
0.4260981598101892
0.6680673414788151
0.7633596760031081
0.6061123888203533
0.5739217548258652
0.46931314679262104
0.9644134595619346
0.5700397029280678
0.8230061810682673
0.5821678135701459
0.25797565552361795
0.748483100640431
1.0132535320368483
0.8975025919657236
0.5481249865545268
0.48875244766630116
1.148886339648682
0.785161436734298
0.5480422711372622
0.5688155146270578
0.8624435280491364
0.8536595073922677
0.9283218640440327
0.6029067178047341
0.8857333942340019
0.9545858579114612
0.7751534731411237
0.3349116219925789
0.7883214704453269
0.6816686540564708
0.844300210236139
0.5871090151162915
1.000042696456797
1.0297207065034526
0.439813134400905
0.8003082160885151
0.6309295491233752
1.181516854889238
0.8716159295440647
1.0233464784074378
0.8731254997612987
0.695605047621197
0.9261117770283231
0.4258098781401749
0.941805534887147
0.41062563283764025
0.857726108296421
0.8060880386573928
0.7384456801600795
0.8520927364446373
1.162794602897366
0.851387268292845
0.8468458965061882
0.7328340956798741
0.33701432370803364
0.5712116784587399
0.6326599098808545
0.10766220749137828
0.13990231995761057
0.6494790178516879
0.0973474809278351
0.4690233511005809
0.6699038211387714
0.5506341931312737
-0.2515659435248421
0.14527960275024893
0.20453038611564925
0.4925139928405889
0.7694222810441997
0.2256106941352282
0.2275169399126513
0.6848939147473052
-0.2297028490654075
0.5398953744427876
0.7457043972543214
0.5433218740051702
0.4454123777107094
0.43047453943590275
0.6374042068935079
0.6890235057581197
0.11210158530048003
0.5549857870734816
0.5323070193690247
0.6868663244316644
0.5276097137977264
0.9246120138663905
0.581117615343092
0.5496560031405648
0.20486675095255735
0.903151215403242
0.6202459071284411
0.681968098038691
0.9285818535363736
0.6945222187368171
0.7183750260863203
0.8340310793845334
0.7519929002342259
0.8997803708826895
0.8514481913263519
0.6758736390071657
0.42490001320550147
0.4138493394230035
0.4574121150191436
0.8929226083037828
1.1654341477723844
1.0863167638395734
0.8162304342465218
0.939082965739287
1.005305385546847
0.5172547036548005
0.8173900317805691
0.7120484361726417
1.5815005563342799
1.19694971547119
0.9284990720185352
0.5782418883956965
0.8403543030844595
0.98818257501133
0.6561205773584633
-0.5365859573515178
1.9422984331301814
1.3907767664397992
1.0331745585244816
0.4852084097406189
0.39517299329655337
0.19550632957831218
-0.23236694652295312
-1.050280015592994
1.4926316919562297
0.6517524465311634
0.5362264500538332
0.009458033615441022
-0.32446211723028495
-0.6785887235154634
-0.3083646736883222
-0.3906756771800412
1.0706061286879813
0.9224533869959946
0.5884068086103673
0.45656225216833646
0.4803241789528847
0.07780301281313884
0.16152626626988215
0.21616159166274926
0.0719229981295336
0.39852486693172706
0.6835907877653825
0.695040437319479
0.6020332610297825
0.5579620656592228
0.5106229599788655
-0.043787251989542975
0.20912548018350927
0.610765224124321
0.4615150593184896
0.5544078147787507
0.7385938653030523
0.6303393114267546
0.5753043507347511
0.0652824215422046
0.010556424293623128
0.7421484578044951
0.1906306397105565
0.7078650426040769
0.7751140211611096
1.0172504908042577
0.4837095414986069
0.5448997112344081
0.14053873486604493
0.14169893669075323
0.8620634575840082
0.5025057066774152
0.6179957757729417
0.7832185603223479
0.8353587341730063
0.6435104273354848
0.0418695807721093
-0.04650315224291178
0.1062893095349965
0.9268693195965597
0.6583332249304291
1.0184567587337183
0.7313545646977728
0.5366023786360853
0.23410113120557488
0.3384880043249612
0.8508399894395652
0.7103831476695187
1.0348501686257843
1.0534994201856902
1.0427583206202624
0.9330400057197235
0.8314191131978872
0.4350628478164214
0.8495289437605169
0.6927766761884093
0.500233716362428
0.7988076918426481
1.4373920095651411
1.0398687857931135
0.5306996681862448
0.19589056496433283
0.45304300343162696
0.9975251889892432
1.0748089888332422
0.5180336842988146
1.174624252772008
0.9092031691964433
0.5770908602893781
0.4400442312972559
0.4162376732197851
0.6100449588327942
0.5561536109468539
0.6220296433331454
0.8538844116340858
0.6088269285334708
0.33764868408707305
0.313826261124354
0.5304936182402651
0.6196983816799762
0.6420899590133058
0.47230740633243223
0.20869614399181668
0.42675672317789504
0.1399554616994526
0.7444033369356017
0.27966797239979874
0.23086483840256053
0.2770699205617425
-0.20209365793880382
0.06240575944359404
0.2480980951845039
0.06211403646690194
0.2743145562193466
0.8990765455177949
0.749739723561653
0.019572657510129904
0.22051284096813353
0.15106200179856163
-0.04239260576676712
0.5170651092283087
0.6190506359839657
0.6083917753130523
0.6710029004480798
0.709880379636894
0.5603304232165052
0.25943629710581656
0.5524507460920471
0.7761948896752857
1.1380632302911717
0.6781942222858894
0.6951727999944968
0.3490901885689247
0.8356531257813613
0.3472546879615575
0.3160651091421745
0.7885998942426359
0.4862121231405348
0.852138311008715
0.7156524086616587
0.789836745901874
0.17585904991477033
0.63716247585763
0.2787219963733443
0.4410046909912304
0.7481916307929665
0.681410421001871
0.6846924760785457
0.8509328419282622
0.16502130826716213
-0.022018982349370303
0.47275883092668636
0.409876722090672
0.3845067706919579
0.4205111230543917
0.8396251571515058
0.6317453559958025
0.4979750397577949
0.3152410124173682
0.10345566740459854
0.25473984474743544
0.44481611530379545
0.6031349390325538
0.53952728502051
0.7237225087911222
0.26799674370032717
0.007965299627910712
0.01667230706903816
0.3132847962630777
0.32749254774026704
0.0004550622910991023
0.594870965318377
0.45122162764501933
0.09601305101626828
0.3847302566207845
0.45332548541780804
-0.026764569480618783
0.2649615188986185
0.3878198707875121
0.44347715744113536
0.20556551957953745
0.7061594842269702
0.2606234157296424
-0.0406899484785619
0.06686959526527919
0.18197351802716286
0.06460639896497047
0.37991074090800303
0.5319002067223234
0.4321304427249726
0.015187836852618904
0.7116566725135988
0.20594844965816567
0.4801863770785994
0.7791005783772563
0.6609419437478936
0.6373635663563579
0.5953775110823807
0.6037501184987116
0.56993767226823
0.4130137819909002
0.4826319794456517
0.9722077184228536
0.7349787180048049
0.6295245150556187
0.35198453770605576
0.8498779055504188
0.4286862816499257
0.684854241467493
0.7064853947019304
0.6343872261842564
0.7509887470423213
0.6861152145189008
0.8246232792342854
0.7168313639753408
0.8434057389195214
1.066030102662633
0.8639449551218967
0.8860692919186424
1.042403944030382
0.6102498737104607
0.8591243843837315
0.4205911603263316
0.2109236245710926
0.25156483306789973
0.9234335406552895
0.9774166503082363
0.7697910160506263
1.0388401960256917
1.0404953505670256
0.8922322055888561
0.7434697821217634
0.4809155254709453
0.39376543642013784
0.46846919548675475
0.6662998816605318
0.7073553114636829
0.873791308128765
0.9950051988897771
0.18631651058851076
0.08760569251547115
0.2433243189900699
0.35422441725355025
0.3911196649482826
0.6055677824362624
0.6693667050312208
0.7380463356008196
0.9951437114977807
-0.10320334882179526
0.3059925331999496
0.3500388174032429
0.5058823939195851
0.4571415636282496
0.3769100293157383
0.7983388474517029
0.4110968173620243
-0.09046073343470216
-0.23940297617623685
0.0830395815240286
-0.08145190860962673
0.5167410060865731
0.8768530334011742
0.5611768348019306
0.9214842685610651
0.23952878429843688
0.30575022967970505
0.41957971394831345
0.6120150314705269
0.17181924139993748
0.43140477978293656
0.9044145426458466
0.7668778214172797
0.41924336971400233
0.0744092875031964
0.08496025551908595
0.1262607001836871
0.4063298122395269
0.4075473145764031
0.3085452019810515
0.8791086939587476
0.35089742725837647
0.4107299434876232
0.22395502535523926
0.4547026915961639
0.32101551751962687
0.6568875768150734
0.7406059137975413
0.33456140721867667
0.822871608653727
0.5522739600617202
0.4427152354426456
0.45443713456443297
0.6141898653859
0.2303371179714149
0.658598277416787
0.8123488331646381
0.7154122326538462
0.46573108191524026
0.35625850572458584
0.4826405884366484
0.48792017878465593
0.4454369063549832
0.37676374876271856
0.8936118631178988
0.37967426258671766
0.46195440094406043
0.5586265442193143
0.675286215207746
0.5502094847281997
0.40036738694209967
0.4979917038693799
0.21702951732397716
0.2246153915004168
0.49799108634780875
1.0158926462716618
0.7179467810367127
0.8945587967723029
0.32105903269758623
0.392030280302023
0.5882893314367207
0.31725464553707944
0.6550074408489628
0.893489186098992
0.08761327844579767
0.18718322884961983
0.13022111323345337
0.7236335607295544
0.10849746571906403
0.909013940245321
0.43239243136674294
0.11502004244295724
0.5514020038345139
-0.1173214983516347
0.4479457880267719
0.3178736243802301
0.07133731048927724
1.1189524975544554
0.4103333102560887
0.3795279520708131
0.6274205206775996
0.4847161469961883
0.37834346902383054
0.22014065598359264
0.10699564120068022
0.4199049844403668
0.644963608919899
0.07754668124878154
0.13798928491747675
0.31569140360843784
0.44895006162286216
-0.1677085721585284
0.4522766892304588
0.8530592522523761
0.1653797861165596
0.608872601640782
0.3450605392236467
0.3093852457372283
0.1669564511410503
0.57309964128249
-0.23021573010617555
0.3694727232095449
0.31538503896191183
0.29565577699098977
-0.08241507115255214
0.047440904626712924
-0.14649171595576105
-0.026820306346094724
0.5301108992318029
0.2617599717533425
0.5199505309097631
0.10892837192778321
0.4383113082056033
0.15290950297888653
0.08987418258876033
0.36202748643460725
0.19330901575506346
0.6827481237431423
0.4099431350322102
0.8303191814828595
0.3815552992682647
0.2845132310295928
0.6152827796700141
0.3918867594442935
-0.13402785763634062
0.43097194905168124
0.7296829017863435
0.557302552141445
0.8393250083344047
0.40899294206174325
0.5528667218252306
0.821518380118915
0.5688290755925353
0.5411999863716639
0.3764289856901355
0.8436672953507903
0.6742375063933621
0.7516171418024133
0.43090096192217237
0.7698043238689376
0.7606089824722799
0.5934249310887881
0.8108304129840016
0.9350092735763753
0.8594247116113689
0.5420323627576826
0.5741533089123685
0.8288172229278448
0.6393256091790881
0.28013008205830864
1.2486227957208793
0.8908779380866515
0.7165334920755956
0.7804049741887251
0.4461045339163047
0.8811892307291237
0.6789814834703504
0.8452743615759468
0.7922003275047449
1.0233878619169379
0.37120020822119315
0.6041290031553168
0.5235862049424636
0.7655313423745812
0.7186171075162132
0.635709757961046
0.8094482507038123
0.41074689071764786
0.6152956143831404
0.1887172902103837
0.5420154864288336
0.8781800925789017
1.1513007177295924
0.6428251156015747
0.9337258196905671
0.8121706259558567
0.45865573368392354
0.05729075647178984
0.4578706993298154
1.0968886334454213
0.66431517492626
0.7265806755694768
0.46912350702835987
0.23420782157362216
0.2486832311777909
0.2541352785656833
0.7305040282323844
0.6596125476064786
0.938635162124602
0.7231496432651063
1.1684624955093845
1.5419015255823263
1.290380475758845
0.922664451276825
1.2702214811537693
0.6549357946271874
0.7309053657961027
0.42735488047134734
0.38767197606796505
0.7643389692023739
0.5288497948066738
0.7999740115534554
0.40091541910072825
0.550500967438871
0.13010044557079373
-0.001426782629346494
0.34910406263545213
0.08758062109562142
-0.05236982931240704
0.47253396936109926
0.5065669053901186
0.4890741661125205
0.3188166772851475
0.5417062425433098
-0.33342163390954727
-0.4083234082842687
-0.22755900543718333
0.14212025687843036
-0.1094363862872218
0.2987732250543746
0.05317712213100232
0.04013608749070969
-0.15505563940574799
-0.28905207403505145
0.29026695605509356
-0.3368320095214823
-0.09117046759741415
0.5403272353076206
0.08008644058590104
0.08507026037815286
-0.24985393151248492
0.23056571750214797
0.155049772487526
0.07353311221283729
0.25700494007164654
0.023241299321915508
-0.002763110780785693
-0.182408080232385
-0.017304526160733236
0.21631963061018042
0.33173294925126284
0.7003049014342024
0.03829557555039079
-0.001702018643217981
0.221908753831475
0.5815065771546895
0.5419525660767872
0.21326734005212178
0.8302890619779448
0.7327863280530013
0.3326428384022377
0.35073165661826744
0.41685023612242506
0.33436607032964744
-0.048924028190818036
0.4845452825265802
0.62860174067847
0.9745211772244847
0.4602318932632659
-0.19588214620807243
0.10447965177586849
-0.03594090582961383
0.12211718103553892
0.4067317119293132
1.0346566821965104
0.586519572263247
0.7769739540531476
0.5609054110844376
0.2518159492352872
0.6450718991546327
0.5624588565963282
0.7952193430930271
0.8049711333480937
1.166483749487944
0.4319465369668159
0.05535793275699019
0.013701687705712557
0.041926475545604414
0.7825320133829585
0.9210450658078324
1.064692448389042
0.6585323082205988
0.7864581065979269
0.2845947177968751
0.06975892336981514
0.8275261198369782
0.8795612011563577
0.7508209412807686
1.0712204177215043
1.3203753130977653
0.5996908307688407
0.545811871452187
0.5413945989879262
0.5037955632739813
0.23234132049774217
0.9042460327798401
1.0101692564187754
0.9187869991287092
0.9032370492817493
0.7676959422633783
0.1326105204461593
0.7103988000649796
0.8503628146282658
0.7644095136340796
0.778451036565003
0.8858771289524422
1.0884832784377663
0.8294618181445209
0.5261788626405793
0.3069349305194526
0.2823879127735561
0.6869809598619026
0.7910006157041691
1.217099819855499
0.8795187967193152
0.8529442354748369
0.5802283482004675
0.1790926536968707
0.8234441391344589
0.8682083922672867
0.6163305990344945
0.3777624208375568
0.7494820196449572
0.46459904453786144
0.14222217403900567
0.24293224901538907
0.012762267133012345
0.6461599112473964
0.1310331276166345
0.49505252107260744
0.09815432403332579
0.7532529188674736
0.38280479575819104
0.5270332672257667
0.02803462579817213
-0.02662600602433104
0.2591341730153277
0.260147235500698
0.7123287232313267
0.39231323048848993
0.16475169131507172
0.5501107264389287
0.7211145661236504
-0.0013167053932888213
0.4699031720814093
0.3732085657577787
0.3832051438136196
0.7266423414562199
0.40812686204398335
0.5696839939326839
0.021995243603293677
0.3815252130921403
0.6052360642240872
0.6136396685322991
0.725989992356519
0.17611603788810212
-0.03843436078364111
0.30422804052122526
0.1714290032467515
-0.09388297474069023
-0.016598577394959124
0.7021941812989128
0.06426439633580924
0.3763458076162867
0.21204273884116023
0.09273403026658582
0.39338561981810066
0.19491046413306387
0.5976103701278161
0.6479022128944554
0.7725414137942735
0.5250971767082253
0.6308147782183231
0.3493296829518706
0.21045418297801305
0.42179531844435914
0.39005501655398345
0.5019922227200748
0.48097500426306167
0.3916764999243619
0.6541844352058026
-0.2504610950180685
0.3652051510510553
0.2612623270393462
0.038628491887358465
0.5836196435325182
0.5679469693431557
1.0287695650649031
-0.09861444956712093
-0.19574799151457115
0.2925980401240136
0.46305915621301325
0.46508341991752955
0.7241487543545706
0.3663882061111538
0.28642307014522017
0.6208244826887478
0.6101193009544993
0.06908197747556384
0.12201633471458846
0.24483517835381924
0.10578862779270391
0.5248779667848644
0.2488104844216354
0.3057634887427719
0.3296812162289958
-0.029259455546419948
0.2817178351568892
0.529400710801406
0.2337191704587383
0.660416743031495
0.8669243242580758
0.09284251676052029
0.6175130395459661
0.4716608772062885
0.7232197389246316
0.22165274149157546
0.7860081635088341
0.4309028938559325
0.6152183442264084
0.16714448254050443
0.6678591681138876
0.7893862848071901
0.42050328227243444
0.3185947786914891
0.15311446159647774
0.8349551227759248
0.8664570784177164
0.39773186895955676
0.4402122892880372
0.5553883985064393
0.5121064585261308
1.0181938944363627
0.547094867022147
0.8698543304128034
1.0755267386189296
0.9924945788327549
0.45021941315441116
1.0222092560071654
0.975093944973828
1.0266752375905306
0.7570374798480961
0.9776024336503135
1.151177499606702
0.8068004312350154
1.108287141249576
0.40341217258250617
0.7726778391748582
0.627370152661693
0.11175337022267741
-0.14123380518763065
0.03686128462225281
0.331097219839226
0.5486003354966303
0.8008994662323405
0.11878776939332591
0.5196728690853566
0.13267884593103577
-0.0239990457188371
0.007244032413348599
-0.021797377598441768
0.8016065794467052
0.4580202900004604
0.4958655014366359
0.1929907703136732
0.28361092866402376
-0.07284840336990028
0.2830844360800933
0.022818754343924216
0.608710349752935
0.6206534891648123
0.14372283256303117
0.41391066082546374
0.04764496240225467
0.6193911876338382
0.32882089351022925
0.22407929175899027
1.1208557954958331
0.34961454428850075
0.031762026555066394
0.23903263131487626
0.3891266817440412
0.4313516393151321
0.39263453238536433
0.23878391216877037
0.5313553919782547
0.6106193052436135
0.26048059515177585
0.39028197556972977
0.06916809409895505
0.38335151883685165
0.1125973960122703
0.1456502468915787
0.20825626094816552
0.30003287373292836
0.6754466107097493
0.6280084504932938
0.4451439470355824
0.5345892152209086
0.46302261723983396
0.161175836479454
0.7976558627212361
0.5047453432473034
0.818692908579291
0.2459016324033918
0.6067256472970716
0.3624712313444323
0.5610563567207846
0.2657411713215074
0.46481322108004486
1.1497858868876403
0.9279905888316208
0.4431408987744045
0.34439279409066387
0.4700392019975407
0.17144824549656862
-0.1898896716750083
0.44669709787552647
0.7268877693025072
0.8304749770801227
0.6812576235447851
0.6210965168774798
0.23911742944875358
0.12606214418687864
0.05044361561261094
1.006855622373956
0.8300449512224736
1.136068381704003
0.7287183851974808
0.8041511661701941
0.11650525597338571
0.3357965677835672
0.3177015976611048
0.3972372743600807
1.1361244550210416
0.7555770793352312
0.7348144476502552
0.6159112096209837
0.6265139298895287
0.4716181465031191
0.0014876439963390116
0.8297228009473011
0.8928338465023076
0.525303586385018
0.6159642576432561
0.8959853874705144
0.5462206333363975
0.6545770597420769
0.44049661470823426
0.8433126929747855
0.874792138739395
0.5330792256140614
0.46813732494863763
0.5728252566327893
0.9805677400509494
0.3105283738042824
1.0650494859230748
1.0039393928343718
0.4690989991614605
0.3122396836134194
0.6033533261031604
0.3339487637556142
0.5017090657951281
0.6000377185291356
0.48893212623205373
0.6725241986631584
0.8718492952031166
0.7959518983026097
-0.05215428551163027
0.19999539219728005
0.6604708466117167
0.17365521731514227
0.32132054578019953
0.7825869528845473
0.8815587338843972
0.8280973481478594
0.6550053341867481
0.08784990604750267
0.411669154831601
0.5342360123994703
0.555740784478819
0.784314966176117
0.29186605453663106
0.6163328836238912
0.434054926336007
0.7180592533585849
0.36741748807753283
0.570930736194442
0.48388995592267553
0.554659698337104
0.3559961565607105
0.6775923232766786
0.8894648224817373
0.8158321944294357
0.43487591538687315
0.276230458959811
0.22352716137110185
0.10504369735863905
0.4858072830524817
0.5376259072319025
0.7667804707806928
0.8363886104718985
0.41800350172391065
0.6628104125721924
0.17545345517712313
0.4462031929033945
0.34700599261774845
0.7351475094545091
0.9283588611690399
0.35371376262829285
0.753698923507934
0.10507898051326492
-0.15616046714070927
0.5399667236363731
0.4241921554540233
0.11211245919048111
0.6162649226459457
1.050428494875786
0.0164107553876176
0.3205687204306421
0.06264609139642321
-0.0037180208060334802
0.04173223741531439
0.6828785540197667
0.6262745107278673
0.6956220794640279
0.22656465346099458
-0.014558677207088061
0.21282685699488835
0.5494544699349753
0.5498423323305368
0.34194825479539825
0.7586158804163101
0.8531411290172968
-0.24296379397687462
0.28708342741166953
-0.061181997610273806
0.6946115437157245
0.1990022466403669
0.19742231281637876
0.9905237544709815
0.8389619081311966
0.018354841667687912
0.07203709215665513
-0.23250759079497946
0.22630981757563717
-0.03446393293252569
0.471080733204881
0.8417638671729869
0.6331241498959285
-0.27526636961640794
0.06426766989796245
0.22150144998636195
0.4455892925202109
0.38501784617802687
0.23657480111468976
0.6985736318809178
0.5538028967206374
0.36001924500479693
0.09295748873851219
0.06011884135683795
0.6462941681420696
0.47165897108825855
0.48679280942608844
0.8179998039482438
0.538039059820427
-0.05691078760864855
0.4294363835235503
0.11224956145662421
1.0657503402396147
0.616310455423874
0.4275052980953422
0.8491289340916016
0.8986947293276494
0.6499279233783919
0.4383315907356791
0.43522692832627446
0.7763104113826398
0.428810892046911
0.7445525708702607
0.6068941526689883
0.5276171816272155
0.6723593074961762
-0.10002962199349565
0.48986384418165074
0.5174830583060166
0.37679095847038074
0.9163223507970855
0.7502581896452201
1.0233334092133488
0.7453261557499211
0.5475462077532323
0.11137858856354452
0.6418750390476239
0.5543189897193151
0.8145943642969062
0.7833044199896656
1.0983371552581092
1.273578317064041
0.5761087433866352
0.655432954969205
0.4427207996087609
0.3589157912378526
0.06090667852649655
0.6134621212171515
0.38585360046624867
0.5162970935298218
0.13314632965094708
0.16720377128216748
0.22010712249234698
0.0002996253796789588
0.4729020393055808
0.3023287843096856
0.2714174047831181
-0.08224385097457963
0.06148917064423045
0.7416085132141619
0.030827609111430013
0.2284800685243001
0.4761877570762864
0.32550694892272364
-0.06092790685402302
0.42830904630180255
0.3369519504437326
0.2774010029826308
0.6573347078425326
0.05646592723177757
0.45274794758920045
0.6173393400828432
-0.02737825708035398
0.5105178124520474
0.6267498272010806
0.7129516263520731
0.632588525134113
0.7829267248754301
0.4692974707046767
0.2809293315044956
0.5374260613117727
0.5698517341350485
1.0236118371769178
0.22850225690789375
0.5138000625042788
0.6447212223784645
0.49656445446118497
0.29784598249695393
0.6865009305209292
0.6456553013350769
0.7678114944382658
0.3645999283944103
0.9584737307816099
0.6263984415439259
0.9358680916020838
0.6764725079847641
0.648843250120177
0.8432592190104066
0.9133597083407488
0.9831792739227189
0.814889444333367
0.7137219387613867
0.9346460285841427
0.7850212529251444
0.9356285323155771
0.9009770852283183
0.7793056421621668
0.9628731370842653
0.6992721559094224
0.8274147973503394
0.3088857994486377
0.6673723305470589
1.1834259833243
0.5249724598591983
0.8165611525075109
0.9231233027958669
0.9562179772583013
-0.03738685583912493
-0.3128680812370335
0.7830552827179491
0.5280204332822585
-0.04987139906853486
0.039074614720068804
0.7944796832681082
0.8433558001617851
0.12118126951910756
-0.5793957304008857
0.06727986012097006
0.15337985159509304
-0.18270250180988495
0.1425631595805844
0.7610117860799812
0.5089921535033308
-0.11393233892042585
0.11623859799030399
0.019625295175770965
-0.2170250185166122
0.1163243253818474
0.07273929064036941
0.3143157947227455
0.5595134066533424
0.34344456336675977
-0.05292437133535983
-0.3027779035975808
0.09185123189514392
0.2097085986558163
0.30964231236902034
0.43359110646905563
0.3986683436469603
0.017703748534795827
0.3645949050185522
0.5088946196455146
-0.06458851906638362
0.217090706310555
0.4799502762683648
0.3580465407581928
0.35704135000361803
-0.004468267552429628
0.4021888195238264
0.5364301683353443
0.232191062870117
0.23447157772675084
0.4400094064817532
0.07697694617623463
0.24114755937774868
0.08912237338563907
0.29272877783680074
0.27860395359962836
0.5542367456435301
0.7787052461872768
-0.012898552073181076
0.11190364976059289
0.31328258735011627
0.5985244485466221
0.42959527501794587
0.31241070982651
0.31323240660415896
0.21013887565278722
0.14515049554832887
0.38092580622589256
0.7809610974530461
0.2469504683663834
0.6718213910104259
0.5365276434150059
0.3712579538639392
0.09465965487772625
0.25147808020984985
0.17612574180409757
0.2625858656452472
0.1892676697093192
0.4197208809092344
0.3804314108574705
0.46993297634843945
0.6667519555883152
0.42213439361103705
0.13919754633542727
0.49043257112139477
0.6081313054976258
0.6611125191466081
0.8280493197956903
0.43261450004063173
0.7303539965438988
0.48488862341973105
0.8821570534502526
1.0215389402755628
0.6766837408090935
0.4346304553695955
0.40785395308909617
0.7838507752189039
0.5409435671155485
0.6223088434740893
0.3540040423067974
0.8365999767613035
0.6716103563377462
0.48019384190618014
0.4325354510652828
0.6109428765174789
0.7249302708302413
0.561836698212915
0.5452116763294295
0.8845155031296387
0.552087976924839
0.7253073544283395
0.45255590968788717
0.3196110424548436
0.49383508999873293
0.6690526161959973
1.1065943083858096
1.3530983795702292
1.1535390541128965
0.7604505778868764
0.32001178534448715
-0.1665067975731026
0.3247628305799005
0.9831099545454172
1.124465166216652
0.606028153739682
1.417125521625484
0.7214377896755914
0.5319484165215804
-0.5419149775281412
0.3679680168325891
1.039697500570718
1.0123492239138259
0.7958095263905693
0.6429423676317103
0.8118053362327284
0.2065082034354598
-0.34780313277814073
0.26837121536360165
1.0836883204845846
1.0002221367758055
1.0696443733247658
0.7210957598438137
0.3274488528896813
-0.18419440227468775
-0.41442381165373887
0.1678998833653577
0.7872394588538532
1.0902834766832679
0.9139555347441441
0.7028988775121526
-0.09880991425841826
-0.21569069376637404
-0.7544727538432333
0.09752226040645581
0.49452400765658255
1.0338083730616212
0.7033144385897797
0.1906011582285475
0.0352807549527145
-0.5536927358593161
-0.21391674973445426
0.01454368473517983
0.3203220712777546
0.6686249934792112
0.903738378684645
0.19359833577001717
-0.23221463930212194
-0.3425023443319224
-0.21349625093115734
0.0045941229104653454
0.4541876312618151
0.5945095863294427
0.44733594266602544
0.08239826019798527
-0.09649704383167734
-0.19607028959320938
0.12833255429583457
0.16969000499601272
-0.030458593103999444
0.7783539725078977
0.12621959746331926
0.3192455731639327
0.3635498572858833
-0.28697462772820237
-0.026878994508596165
-0.1684750610109165
0.6305913640029609
0.398698470415096
0.26110530076134036
0.47939776784378696
0.41882333755387424
0.37360991321907205
0.8055663001634938
0.20325631329249877
0.2735607733549266
-0.028321133445312882
0.47668105485138873
0.49650225254419716
0.5022618900775269
0.5893900864382309
0.5278867544219316
0.3533224566182964
0.2019112634479445
0.31310000693912676
0.34414846537492594
0.692518640219455
0.530379498095927
0.9440946046004404
0.6381042635102919
0.7855794995254922
0.4904876508411198
-0.031655436591154974
0.394442304375198
0.8860464055096006
0.758879650528904
0.7678791594946435
0.6521446840759856
0.8450906090816335
0.5585449183562415
-0.306020788154644
0.3920251079339555
0.8022975273551375
0.7252953362851221
0.6065872279008635
1.0497915646779703
0.6107555494491658
0.38933534993943
0.12892455861355906
-0.19481917214166988
0.36650502536549745
0.5558305270787497
0.9365530911275843
0.709222807012339
0.7667443182628834
0.5226642954277892
0.7542839063045962
0.4329921789074283
0.4044566241895165
0.5487352181675305
0.3113925682732999
-0.0301179515387377
0.5184911090191202
1.0958988135156997
1.3077798381444845
1.1063726292496665
0.49228194630636424
0.11245337965394406
-0.25058260694559203
-0.19088497146701747
-0.11105120611766117
0.3077738697054818
1.7540437412304697
0.8813648234205612
0.3606118125509751
-0.10587756516498772
-0.3477023491075083
-0.4610207434345431
-0.39921574335909293
0.7312871456523302
1.6800004808568925
0.7497879983290684
-0.004306749701196769
0.04351422226258287
-0.1824284950850793
-0.16260710389533542
0.15792004587884229
0.5338912205261583
0.9172493467912547
1.2304879520420016
0.6280324565234692
0.1261952396923183
0.5944443203078137
0.5485585038700144
0.7022977851787509
0.5109795504795681
0.49166986813131147
0.5465657656308938
0.5756367225859884
0.4105592155095978
0.48578844395654724
0.4986551129448682
0.4065586783625355
0.605745455546385
-0.019480961890090878
0.44521344341221974
0.4143348012296502
0.42113316205344686
0.6689562714851541
0.8394754153521631
0.4975403320016705
0.6245712869020862
-0.07953302429253108
0.6852630319191927
0.5281724661248083
0.6222927669160903
0.5341363900799667
0.3662607785452562
0.8173082998466681
0.20295855176836536
0.04105299472362002
0.3345333540159149
0.8676652097242468
0.30965003572508143
0.7307331968507328
1.0456698546187364
0.6374810110316365
0.24191130502166716
0.2643213698447993
0.17080640021147217
0.7848634932165909
0.9891221441532597
0.7045675100681709
0.7536209034441839
0.8696959148245865
0.5281195804650333
0.23467246562581107
0.2557168237593592
1.0996642456020926
0.979991673384313
0.8994762383480295
1.5152425608579867
1.0682884272635629
0.5264145227520398
0.5911221788082439
0.6391669230538847
0.5460233390633558
0.796182365920512
0.8709495058327361
0.5420098722765344
1.114066886092518
0.9001999269068627
0.8153167625095072
0.8293244193370783
0.5366800371375077
0.6637821486804569
0.34881487997810157
0.7017236048013159
0.7237650636667843
0.9311663811010685
0.5273944297804936
0.8355645013279569
1.1195533644868236
1.1574316160438227
1.0736083533221317
0.10570217468202012
0.7687587601529048
1.1434316317386668
0.7285067944484315
0.6773182920826938
0.5442223605296442
0.643672714722771
0.39586423240025886
0.42631993854742867
0.6327192833143942
0.9924883559192457
0.9680883861725698
0.3402013408332917
0.7361408262313004
0.5684756486811494
0.9076565603390643
0.6373991938479207
0.28800941259986973
0.8332561063197672
1.1799164095064936
0.30766806062773755
0.31849228200126606
0.9302427401919957
0.5423339638187312
0.7337005554863345
0.8191982589203375
0.3000742099648644
0.8619149356057226
0.4541695770796012
0.6712560514423455
0.7812782786720679
0.7749900338358718
0.5061707042712698
0.6627057539650308
0.625684609484346
0.29557078527497516
-0.022382433858639222
0.8026461803753081
0.4304772619767285
0.5264392334761818
0.3743847048611529
0.5112836379823542
-0.07475161428960583
-0.08243326693461571
0.5172482141230824
0.4249986083500756
0.6124036470379995
0.27757242033563523
0.22100392012115222
-0.07831120332403653
-0.032411701064925205
0.07738669326008629
0.19721444418680398
0.6151562378335125
0.33027812226094533
0.56882952334902
0.48639411287779716
-0.30098376797626386
0.2674803145481438
-0.30185250252099877
0.5495871627547545
0.39349308813158734
0.5792224038750171
0.3242157645977401
-0.07131705584687824
0.09365492597327578
0.3241908247745458
0.22723218190643438
0.36017947976888776
0.5294821060374773
0.11674382819977688
0.24698399962979783
0.4444807340814639
0.060482171134315366
-0.27067340513203103
0.2539316885024317
0.815064384296851
0.5204694405732188
0.42246585444582757
0.3809409667306935
0.31924804941348417
0.2083873017287466
-0.013021886403261494
0.05780759086307076
0.25670727371529894
-0.011280256766802495
0.16746255757546938
0.42020429271223025
0.12748866894982774
0.6108778392358248
0.26480872735925337
-0.039500843063718566
0.26185668546637286
0.1939721679065907
0.6171795558587689
0.09210902053031256
0.2259809495155962
-0.10341344957661408
0.3528328976652454
0.11337784409449657
0.5481893221501895
0.41173855539440835
0.7478371945963354
1.1789307658979937
0.4232060774842184
0.661607333059198
0.2191138070486419
0.0884143556867994
0.5783913218799436
0.9578777776102574
0.8249604459191483
0.4835122534931192
0.6494616867949973
0.9470442494261986
0.9317844314034353
0.6423324472460311
0.9155938906906471
0.7217683112691756
0.8997377619390524
0.8950348186843073
0.5747890223127362
0.8590885203937735
0.7731552490907337
0.6084210934682333
0.5473777317191091
0.6294659786525002
0.65696631456009
0.6273464413316364
0.5892903204235166
0.7143744542254375
0.6641123704573978
-0.04374586992685798
0.6726500037574993
0.8820730425448927
0.8650641494658231
0.5667051552068652
0.7302576722568537
0.4873879214604793
0.29186404226923024
0.5946592252866737
0.6740430348667795
0.3961746721898348
0.6631742762229518
0.8966611292836926
0.6275722230266321
0.5459134304281207
0.6137848479419828
0.2198324670356934
0.19056006768297523
0.4753318665624707
0.2765740191231705
0.6837703179770286
0.9050282589651945
0.2692087509160556
0.021349758684217263
0.2855730427900407
0.38432421130076533
0.3565879250807679
0.1934504023106442
0.791210688789135
0.5527811664278832
0.608071778732146
0.6605362807643075
0.7759035071484615
0.349972814884619
0.047214687631838774
0.12219888032515241
0.41415901402504807
0.26926176554354486
0.5847566419074934
0.8890219942143505
0.6198990890231102
0.00792091751140265
0.5179496800403207
0.6663683005048525
0.36252590472147966
0.26702942475359026
0.7922392009420062
0.4236801490890493
0.32717297254246613
0.5134478749865542
0.4131953975464244
-0.015875846893804713
0.423716852560972
0.9055903399794443
0.3962741373307927
0.3631198592503575
0.5183562853820013
0.07123890235850469
0.16949881521048446
0.32770467928530045
0.3571090926998081
0.26354198779395527
0.3126325400446247
0.7523335029447062
0.1370547907415756
0.6211012713921547
0.6155231860648236
0.3664989020890427
0.26401864288943155
0.697730648005419
0.40352005678154507
0.24994702106942507
0.847503746600367
-0.037529447167552826
0.03152963450085359
0.08834380932929967
0.7669300660895139
0.25269139570003274
0.6275198900480319
0.5094320021747617
0.5905890261198147
0.33789442833949446
0.29837014623737473
0.49059731715941834
0.7043365155912007
0.3070911388858529
0.21398766828494098
0.66696841968336
0.3237262999022729
0.7406683012930847
0.5562937719858673
0.711579833016812
0.2993098533650253
0.7241327914038236
0.36744579609314887
0.4503848230799576
0.8437394332151398
0.6814152864442965
0.25633066406095434
0.4432102659366011
0.25638744187923646
0.8001878991131666
0.5843960396646144
0.43139867761512
0.8847398608304453
0.4866731431986413
0.2961740574243378
0.23209144998931638
0.33884384256880606
0.8118462807809995
0.23966409841307706
0.7673002561164715
0.3846315510876257
0.5563884882946554
0.366488538272083
0.3685519891678257
0.48354546405712046
0.6309357906153417
0.5573130501097934
0.6364195964334682
0.23936296624132047
0.7396646222793966
0.7362548043602
0.48880016353187433
0.7209178516988045
0.7727748117730718
0.6556048537945766
0.7586603367169714
0.40099060314330837
0.7015142043390981
0.7359200931309863
0.5000803806556552
0.6712342885042138
0.7963450687051506
0.8262272271514839
0.9567180318926183
0.5813241302457004
1.136674537475618
0.9770962116315477
0.6497717421438075
0.6465341405372321
0.5458253384960283
0.2673396053733517
0.4994248672334761
0.40879467207622977
1.1625504943418719
0.9360452197135782
0.5662867572911202
0.40048792980968634
0.42117209718267196
0.20316700115658723
-0.1520153483916888
0.4213284069336387
1.3120952510819612
1.274457627846443
0.6997401734614546
0.08238747744477215
-0.05163724654907062
-0.047717552917767005
-0.2603332886045041
-0.5025349699907926
0.984862176693586
1.1672608886881366
0.9269969323227746
0.5664316602730477
0.232967848880416
0.009865907114586531
-0.09909476631784148
-0.4957852586867873
0.9381255376402138
0.9754764631750306
0.9950008891237563
0.39942319070507665
0.2707933606925566
-0.28490932445641654
-0.2205998369672005
-0.26212402732427664
0.692789758571833
0.8101939174004849
0.6202769533326163
0.7107451637563872
0.2646788184921381
-0.21698328225389737
-0.4292075827757421
-0.7502253475589403
0.9607895692671972
0.6818250882840162
0.6460192537652045
0.17558193623532564
0.11297822404673848
-0.27019892581842686
-0.07660938328863554
-0.42250391086866507
0.5640965857659728
0.46934480004568757
0.5415833504878914
0.12554030752771972
-0.08087630053657266
0.10468694871097013
-0.15038901608594427
-0.4250278676709882
0.7558641173056742
0.25678072823086723
0.055269941403129026
0.40914510954674077
0.41084082890043255
-0.19289992476830037
-0.25785806834618824
-0.17018887036600872
0.009823826771597422
0.1714901498987546
0.2562998990233745
0.17934563272780907
0.4802391920146263
0.18315125461567344
0.0195581808958884
0.34569544208497677
0.12267793851993215
0.6811493024031449
0.05091882717296222
0.4185455332489776
0.37223299839077495
-0.06330748825402616
0.330013414084322
0.13700419517078655
-0.12754008211830126
-0.11443854794379839
0.5471265503148992
0.47601086875325227
0.8829767824633594
0.2293855562493382
0.7904357277568649
0.9647056083666273
0.6442584245837193
0.46583115143866205
0.2154369966993249
0.7397372490856732
0.2475493334669444
0.7751049983327621
0.5132559541783992
0.33280858950027203
0.36399447290930637
0.44278424736511757
0.4909025045187425
0.39912568584837793
0.7659147330062427
0.8517528580478347
0.3780963610072127
0.8125500222119004
0.4535752179389221
0.8949029427633176
0.6638319942162602
0.6733015398242564
0.6371749906378841
0.40418041290080137
0.8055926769096475
0.4487040490397188
0.7396799636655353
0.6917119290313389
0.9747094201032876
0.8877718269131317
0.4285743958505908
0.6406292572406473
0.7375765883471295
0.29858875662670725
0.5553379466318819
0.993552070282932
0.5229612146119129
0.23465082155302505
0.08089399373635656
-0.03377366609428614
-0.2738275512564673
-0.047862727363391325
1.0337985857358851
0.44141175398749455
0.7765283096580824
0.5056371203458147
0.5061149616257626
-0.040474686156993435
0.2511400396742719
-0.28898542134227245
0.2956468406424544
0.6405698453389141
0.9029039040397218
0.7476826741574878
0.4494368827851665
0.6793212970397458
0.411199058271181
0.14105053510058949
-0.398761938646811
0.12538516491232413
0.1030672551383895
0.5227751361586721
0.7695616064357602
0.7064525211300549
0.786273290130057
1.0058892070180359
-0.08101118363946613
0.012669678478157781
0.08254765980591697
0.2694268993943021
0.18548092849733833
0.9125414429109456
1.0460634493684544
1.4218730021110302
-0.2739777325024415
-0.12535960399935794
0.06679181125537159
0.1187046247451328
0.33239026908544717
0.707071193258327
0.912372713517761
1.2714699639466323
0.43161763821528926
0.1775318714017777
0.036104964007481255
0.5070286748969471
0.7739967966883399
0.8498421258494092
0.9552413301232723
0.8100968202110939
0.61646869375214
0.7607814515010034
0.4281149874704519
0.47399143065965116
0.8589527198929958
0.5564573057094062
0.7028146811419141
1.000288957816449
0.6792052002135992
0.5182216060055296
0.7058099374462233
0.4167878218669211
0.24003659680175513
0.7381041934205654
0.6462832560680161
0.2708797454646265
0.3670560490516293
0.5126712313953239
0.8282380663075568
0.5828294701090627
0.7161335563089005
0.4052266457024483
0.40286407782125333
0.4773804550417387
0.9568437476995394
0.8268544586032737
0.8393043803264708
0.28243455906731624
0.7267775855216266
0.2779287555011428
0.5563835971126335
0.5746447483891827
0.1859817219847548
0.09522958754669028
0.3905374767913293
0.3686464809872478
0.003909933630182756
0.15475228693826848
0.3672006756714032
0.9879494385292037
0.22985203166547466
0.14822340699904415
0.19811108650737894
0.49452067584710846
0.6632276482374205
0.6413819560567059
0.6107900791946399
0.7112566307854371
0.21564304596537853
0.4245340250446391
0.835133058709598
0.54059879741627
0.9033923490878831
0.6002051468846669
0.5931201364680153
0.017853701332698958
-0.030672453993127857
0.7787260727897889
0.39507408714071396
0.8994019818422941
0.668805925841639
0.900440559166713
0.6579510283278406
-0.10328761864018945
0.6759206878000646
0.2257219604376754
0.9524888858369023
0.9259582546650214
0.5664499837421978
0.8164270456150903
0.7783506906183355
0.4872306295406092
0.1258648959833062
0.5806725985408372
0.45919569338775795
0.7991333724182624
0.8172372995459102
0.42801212225531315
0.6312775809494113
0.35330738188169303
0.31428620918054845
0.39031619434198395
0.7066835393553261
0.7029628727463623
0.8471706118834051
0.8852108259852717
0.881203082620702
0.42639695094731517
0.6914149200170062
0.6338851520035932
0.4348481225292118
0.957047169357741
0.679533309740002
0.8280944574693724
0.8315264373492515
0.6697576548537911
0.4175305502353896
0.5388654305051661
0.8897466748137492
0.6239803119109958
0.6579534974313485
0.8938579446661723
0.6699961977780791
0.4522238043582723
0.19403669519009406
0.43507385489237344
0.637463153263569
0.7396997551955556
0.82270383802482
0.6240248294501363
0.3499891660591597
0.27965192408348855
0.19881961694830266
0.2650735921902954
0.3763238679017864
0.463952636098031
0.5238671520199811
0.3444007324395816
0.1754260037609048
0.0010499000549402029
-0.34287319555751444
0.3267752089537988
0.29276630429360556
0.6894619365453247
0.6447257074885131
0.35242085119559485
0.39195010834825983
-0.1816637944250778
0.011249223383769717
-0.1479326517713825
0.222510845927478
0.5843171173828138
0.5417342719991795
0.4263675569991938
0.3928139213434879
0.6586865878092668
0.31534420603879326
-0.21595053651399634
0.5523694983285117
0.7176962878113915
0.5869606427522555
0.8265048944059971
0.439765848395039
0.3014529517219712
0.4916686710214605
0.21191918229390858
0.08525517261536843
0.6140035367405713
1.0235260895214886
0.41419397375765715
0.9649386096098878
0.5973211312784881
0.20895385395533836
0.14038305542886573
0.43361497685205347
0.505188560203863
0.3568969264496755
0.9680744225780202
0.9381906402852183
0.6127448980549658
0.17401360680999312
0.006175750081653621
0.4383574717248448
-0.1614364905290424
-0.08355959686288178
0.4066781399893812
0.20457817479947737
0.603652021954729
0.546381799857484
0.5143679493833888
0.02738166350840972
-0.08395129590969277
-0.17683614382085336
0.3795329958008668
0.44656417629585565
0.45783492586698954
0.5528900730126648
0.2009141831065103
0.29253787430681294
0.007772755179500492
-0.16170883266427064
0.33310898264214167
0.4130403596869484
0.5621158680035624
0.3583030379022724
0.30608099872118955
0.048714857455272875
0.13072114389805736
-0.04001706887688685
0.28196803096652695
0.30064149996791595
0.9282672698864398
0.6308240694194804
-0.10677086676649275
-0.20411085628337283
-0.2573007877295953
-0.1967408643176326
0.7291121281543349
0.34242897239156894
0.7263276842547524
1.0622137260692368
0.1821707051384034
-0.4077335669395683
-0.42043217568395863
0.367372542435172
0.24481106476051345
0.5608585172030774
0.706748697927002
1.0046412343171565
0.29279155902425846
0.049808799439486254
0.05806357729768081
0.5694464166624429
0.6105602541971064
0.8669762699173046
0.7310291820563565
1.0228217908514814
0.3400407205334272
-0.030464758734193936
-0.06960075774889256
0.7671269270596824
0.67087828038861
0.7473497443091189
1.0743478933075605
1.1724412981882772
0.4294238656739797
-0.11200033267877374
-0.13251509122561195
0.738245753225284
1.2972784150523924
0.7396347344184835
0.9528905687270187
1.1267594917628614
0.5106683631290108
0.20621654571941178
0.3733842511433408
0.5460558145268194
0.8096395859706864
1.387500622851136
0.6721917662359795
0.8755014376298995
0.622487476826861
0.7753409053043039
0.36404831664925374
0.3616212341945453
0.6961187364434273
1.110090372443441
0.8859556603580785
0.5327860448312155
0.5205207580750875
0.5022682761720489
0.5457808422134668
0.6292786268585735
0.5137849585123061
0.8923249916583854
0.9201365152809245
0.4964483336721227
0.4307540331562423
0.7757926739053952
0.18313727952120823
0.5907411671260432
0.7119176265641494
0.7773870964287574
0.42301429503895394
0.1646323866305965
0.4991517970303678
0.3424139249937503
0.7300522310730311
0.18280222004752816
0.2677767594863989
0.6490063594874664
0.454547765362389
0.4834023117732593
0.5009377725743558
0.13466282881703756
0.33415761280876727
0.31496675093876036
0.854838520281051
0.3953370444938935
-0.15047899095131714
0.049759757031435134
0.4132420256364243
0.6249929616456084
0.1279721136791451
0.753110585704972
0.29635730201353355
0.5707514415059692
0.652560879787166
0.1772034222534063
0.5719479345604999
0.23413947842904945
0.2111443127086604
-0.11091565347927979
0.22538230177927684
0.13456774149875272
0.9024744862802424
0.9054191193084417
0.041147871658987485
0.12813861615350328
-0.1119569793341988
0.27269453033774677
0.45756757003141335
0.5454223829762846
0.8957768982814566
0.33569469500185195
0.655305053648578
0.45476115924598604
0.30186361996156447
-0.09642772876895928
-0.012462524323374078
0.5687971113646957
1.236537636052592
0.4024384483632034
0.1738331894119979
0.33752571180975915
-0.022941171944787474
0.14771538171667584
0.5051402166711189
0.8451616456924511
0.7932915016276669
1.2167761600791243
0.5843443797865953
0.0011758256752602177
0.2128481294658475
0.35082176424132544
0.44656440056341085
0.7850592455265849
1.0032431901010885
0.6973930926508907
0.05976496896310209
-0.029637403185997824
0.40373731794288814
0.17343669449244806
0.39296137222800687
0.6714401947856256
0.9314700644750057
0.9150457815783937
0.7891177645994075
0.05631310611112379
0.09523335582459266
0.13722660411767676
0.7364342193192736
0.5436613149551806
0.8358563178508398
0.9895776473656334
0.55018975890955
0.22765034892199257
-0.1923631342330754
-0.06162228575494863
0.7972685930287193
1.0831869527718936
0.40865537864623436
0.4141301691767878
0.38242668061427504
0.6783012738773055
0.3558919548051927
0.1994960457318038
0.08821655822971435
0.5304988130973968
0.14261807872999646
0.45230776891473107
0.5227824169948276
0.6247265020429768
0.6751573937171418
0.6967683395821266
0.6054534074159084
0.5901354407757353
0.6130567887953614
0.2809645172491691
0.6318187775615928
0.41729359862857357
1.009424932191757
0.5417515928788025
0.35925938125233786
0.5791834025184239
0.5519376004843829
0.06923726439419373
0.29489197452166094
1.0315569413361825
0.6178197254592306
0.7633137991830019
0.47228315499035906
0.46914890484188837
0.01819316567070646
0.4696849832776976
0.5732648950114484
0.2856148875806012
0.6529885777684206
0.8541873833952702
0.8109512931810005
0.7536141998271815
0.26603074265598453
0.12447249110600254
0.5377532256419082
0.5875175342055827
0.6918906299778274
0.3505314102834956
0.5256463360470724
0.3392123898789795
0.6483354856747654
0.7637255169467562
0.13184955293229036
0.8177542080011392
0.251446319569444
0.38052120428711084
0.7469382646774363
0.2194784363558969
0.22418960395704546
0.19300177181519185
0.5242322162109272
0.12992069069207984
0.1892473580205164
1.047781424375566
0.5794822623113254
0.24900529424416093
0.21064784637296619
0.018444829031820317
0.20392841711356519
0.5078076971094797
0.7586884776993525
0.05212970183559516
0.6266467072122349
-0.05700198724533633
0.6020662670714195
0.3494174229264507
0.4475964829672086
0.6660547741667803
0.333766636744623
0.4801892358910876
0.6075749709296638
-0.12083843560880565
0.5493242463164115
0.6659586688183733
0.15901405947413055
0.5677799237395411
0.3166562615063102
-0.03362562009580825
0.5751928116148087
0.6110593490298639
0.056257612660420335
0.31299429826754516
0.3524055209484948
0.5666677574853234
0.09269207209672733
0.16906794035302114
0.27736261813276963
0.5271714136312303
0.2927479375449296
0.5213523355686359
-0.1957837338563924
-0.016799338305635132
0.37042609086628653
-0.2246353789750714
0.23487601855699702
0.45285015244244997
0.9245496797576627
0.2861907430522803
-0.28043036111249825
-0.049484520743190125
0.4294544964137592
-0.12913377358560665
-0.14542893352613018
0.10121688340668826
1.0117414984293003
0.8725109840634729
-0.13761718661671032
0.26983266014750645
0.11663901526285785
0.6410662525366465
0.22317411452014296
0.29028801504361673
1.346722500086707
1.0979222297892344
0.2667009958235175
0.5899593372697315
0.9131973454095149
0.4436000656483689
0.4333514768027398
0.32421618261227997
1.314283822338951
0.7659480246587372
0.13237437230260743
0.670664827400411
0.7276809997460894
0.9723424743944077
0.2366280792426224
0.6321294982507994
0.683799996436423
0.7983411390829142
0.3936992431251017
0.87893269257152
0.8484035875069282
0.6556387762636835
0.8903389084028377
0.6931271190396888
0.7296425321079753
0.602673188308029
0.6305101510255122
0.6441373316267636
0.42919722136419236
0.46482304030658095
0.45958299273356656
0.8478198424460337
0.5342326219487045
0.2867677132250279
0.9076165812911264
0.5828941528827212
0.14319680779709681
0.49591350193229516
0.32412583705749876
0.4151801761862783
0.5930423408228781
0.21244755271805063
0.23495637944703102
0.4911382530754861
0.176114751389795
0.008588361825516169
0.6037124986238386
0.24843247701030033
-0.029733894728444288
0.4062484481187866
0.22001854430801174
0.3896192942875761
0.1722787417552497
0.09627701474192454
0.1175288069934113
0.33009351756986466
-0.06618102712398236
0.7458204331733059
0.7442943234255586
0.06993194855490835
0.3039475816922144
0.2575480349683744
0.07746086710890775
-0.03217602982061055
0.6655037711608454
0.819064242302847
-0.008974448328606704
0.34002914712762783
0.4703607258978668
0.20506031918157816
0.422055446747834
0.42704803024403487
0.6653785965620399
0.8626240111529739
0.4237599069327178
0.626922405604799
0.28833746763945106
-0.04242591836725304
0.7307814645958846
0.49073810529495976
0.6436386113076666
0.6519204689176902
-0.07233620964911994
0.5157127892449599
0.10746464194753387
0.5252102357261794
0.6664888726799129
0.056447895593904035
0.1413995937340558
0.9487038730259291
0.8242995341989343
0.4351700660088363
0.3522524715315576
0.19212369675406765
0.06257520013051932
0.7568168117327796
0.3604440878909714
0.5029272826805226
0.2679554134380347
0.7048071915049001
-0.011625217888496363
0.5435892166877201
0.6029913833063241
1.145259271500694
0.39434344154631007
0.628951122955355
1.0597554241357936
0.15933860353051602
0.4862209504588996
0.8794236717198638
0.6731846019544959
0.8104198003725488
0.800843680740619
0.48616853000220067
0.6329873538856999
0.40756588483366135
0.478829107852252
0.376358223983052
0.7479590635656179
0.4311738448196887
0.02267676009000412
0.22986398068201233
0.3304143813339156
0.7026845231257353
0.5437282693973864
1.0364038823093948
0.6286811206301733
0.5655982569666419
0.17066895586805592
0.1286772084494017
0.39804795346317573
1.0154152182942722
1.190724866823233
0.40112898558534915
0.5852782046422512
0.4908082221966187
0.033952068179920504
-0.008090887229453732
0.13566728196285843
0.45968038941649375
0.6859963381384501
0.6590721253651591
0.7652060842086451
0.17933211727310208
0.3334198897436437
0.15974220911017814
0.7900302113003477
1.0489305540796938
0.7652106059737195
1.0666596482801651
0.44916634776919845
0.7565260624949554
0.37741924762645823
0.5338041832826463
0.3963550836146081
0.285603471304104
0.72583754077064
0.16258286589921314
0.28618630619528596
0.4433137035262976
0.7000599685596082
0.3281085332411514
0.8575714219974883
0.11585193254983182
-0.113827641854686
-0.03610183377033143
0.5801584805977511
0.7179726638763612
0.7002385854492044
0.9635926919026859
0.172791186925605
-0.03018803679331238
0.4680928622419894
0.34521990102211797
0.5448745400307196
0.15021622962791556
0.3430880731799253
1.0126077162280067
0.523314792982842
0.5455039868013772
0.04410209669338039
0.21327308810027573
0.5435054118607549
0.4471219470826855
0.8672769905009148
0.3013424256014899
0.1437383598678323
0.3417367495101134
0.4738747646227466
0.5628813940052274
0.14009962911398752
0.4953026028211191
0.07373819192367516
0.13509289961285148
0.5930264763186456
0.1396533768987933
0.3228726349364209
0.5963792284358314
-0.07419903142966626
0.5944687425980822
0.06576441206997392
0.7165830333742104
1.054128946881111
0.6050923565204482
-0.21362648051397237
0.16266934821800128
0.03530632954639916
0.7017474952360203
0.4968145661228143
0.7523345749001059
0.8172510484574882
0.6975291447278352
0.2633217273555969
0.603081321344476
0.6116523172557558
0.8799101532116266
0.4845399457733372
0.9014892040689414
0.665002115753849
0.884918946924704
0.9457958335898361
0.10506806162598654
0.8861710922083545
0.8275272642396208
1.1034664892853783
1.2299512474903604
0.9798737834108282
0.9054985398134628
0.7269151287838312
0.9734150314173947
0.8260888144370634
0.9396463526932346
0.6008737025273713
0.35121140739998186
0.5148425219553765
0.7904403875499989
0.7513009371072661
1.0206260159246394
1.0165270018800208
0.8512464277634113
0.8041388989546691
0.583603329568566
0.42037315122843494
0.5765284262349744
0.8585635654275531
0.6429642867641491
1.155148260544136
1.2211826270035888
0.33151770888709886
-0.09511342244581163
0.05503476042965272
0.2829296193991049
0.6287340965919701
0.9532494572920935
0.8251912562634475
0.7436258819616142
0.4449088133154603
-0.08003866034042009
-0.11690074777636417
0.20598903086812353
0.8360722362194718
0.7922934424384114
0.7805535968633447
0.7294085020846743
0.9509311062999966
0.11860860129948016
0.14464131942444441
0.10810641918531637
0.13994703783241236
0.360195152247122
0.7762982573149536
0.5560246968875245
0.7528549551505733
-0.11405007418849308
0.014555319382548622
0.49375733180880826
0.3011311544729637
0.4634866778588046
0.2391895957054583
0.5010499914792449
0.4341416473061492
0.045531672571549324
0.46697711251907764
0.4879167572618245
0.20952909940001388
0.35696754010193693
0.35550607790837313
0.31656817952208155
0.6528304592526761
0.21068869833694712
0.434364192762237
0.12981687819894872
0.4699542326832437
0.18673456100084146
0.16501207750323543
0.5872431486974115
0.2947080534860221
0.5735430878255292
0.22610608810987742
0.6280986710342268
0.3651554428702928
0.3639501211156579
0.1907126230352174
0.2989925753033199
0.14754725947925576
0.7259607376017329
0.7655923572089903
0.24426539455359822
0.35006890964940157
0.2045370010459974
0.37628473447937705
0.5585078069795094
0.33307023424202387
0.5912348635123489
0.3647837353124221
0.25319704142633537
0.510907006946974
0.5787899981029275
0.2772732936235784
0.6520824868405495
0.44432318305474106
0.8573358044466023
0.33508789149578827
0.9748458309383483
0.5836789392910802
0.5888026192991541
0.6633159012215908
0.060076855784261016
0.6372205151878376
0.096541442406081
0.531625216591549
0.6053995299923564
0.16108681802698588
-0.13017859402583845
-0.12266602490958294
0.2203363219385893
0.4378627593470044
0.527842322659244
0.8134045243642775
0.4258604281820829
0.10891264198830579
0.45459309553010624
0.20719144488086674
0.4149588336512102
0.2591346788345395
0.6408199085867831
0.3917883748660129
0.4277000740320687
0.8437024432628493
0.598668430330417
0.22369752119362107
0.3575193442223819
0.12666818272030142
0.6885677812654153
0.7552763164722859
0.688561864299308
0.5241534528990999
0.7031528963024722
0.8874498658048753
0.24553333447036219
0.3277869791201385
0.60944191954963
0.9507363489640488
0.6584345295728836
0.8030467230996824
0.42748284357387417
0.4956184698982447
0.872312688721487
0.52512904925238
0.6341826189091861
0.27232387349922554
0.05088440927774537
0.7662824402301225
0.6954425232096569
0.6955301132200149
0.47024901946005626
0.1744527104512067
0.12207176968873795
0.05583623736888191
0.3665129810352134
0.4758037031929269
1.0412466600727752
1.249699312827241
0.4861189473791182
0.34569124603444346
0.3083474879310365
0.37615292827120117
0.7715063293178063
0.7612184884174009
0.7438535667018057
0.8268123307113671
0.9063002223282696
0.24651489837644905
-0.42622387088587704
0.43039036579120304
0.5999987806041855
0.9235501899010978
0.6576736455563018
0.5968497451773317
0.36420172562421316
0.01578213740790297
0.06929753490641222
0.1026020364775503
0.9490277607679279
0.601193625753052
0.385792834340239
0.2846893369126217
0.2925324483141928
0.5762835337011379
0.40807088550829046
0.7933766329205156
0.5795705485952773
0.6694129736866257
0.6072347726419135
0.23912931965213202
0.6398636322794105
0.39313379746207844
0.256864481283857
0.755047663522421
0.4452973955213544
0.711335194433116
0.5347587078730465
0.7139650141870763
0.811478806389829
0.4952791466261224
0.6064334919106794
0.3271281267569694
0.4626612898783726
0.3760844383061123
0.5513512686264803
0.513057406991238
0.46260509785827536
0.7360377920286573
0.30036421901546423
0.6580025797311991
0.5559311320683875
0.718962965234911
0.42140683771131393
0.7950106828946867
0.4532667585940408
0.6466704819162197
0.09461540179718261
0.41208886880086976
0.5385089272940856
0.1347671679937778
0.561447183449616
0.04979093659527731
0.5973073344117084
0.0386082742751317
0.4499064997057905
0.18279387565027627
0.2727877713685429
0.6310930232611157
0.4399604967514206
0.10851113868666228
0.00840500224379429
0.454702234976758
-1.2418965283592067
0.21254100624763503
1.4456917910148115
-0.11707503671152486
-0.15356094431112405
0.44465630645320414
-0.08718357480308024
0.7322355020401871
0.8289414450660478
0.5193731889733937
1.005301585919331
0.5871998411744099
1.0680272007324783
-0.299786536440148
0.0867703296226662
0.6143820813320625
0.4782985259057843
1.395416229405132
0.02428208669079975
0.9541878543473582
0.3081506922839758
0.1440656865017372
0.7213747361759428
0.2669118126236387
-0.025417972030195073
0.8597398008880139
2.13244479430281
0.7487199977918897
0.3300592847878086
-0.06265917958394586
0.03127844708484413
0.8049369643004581
-0.039309517637895315
-0.07183729349730064
0.09946986315258004
0.1449502989907229
0.1774603519218863
0.48431313393811065
0.9700000758651549
0.17406304660957217
0.6118291594745618
0.5189770468214473
0.22065250765525712
0.5656217303861776
0.4866064298413047
0.3910620077359227
0.37017843826188324
0.0448548521374725
0.06461878244828917
0.6829761864188124
0.14501554715524564
0.27725084679478745
1.3840667631646433
0.26311256385524934
0.8458212813204155
0.36288161898066806
1.5649596315800343
0.32542915763846225
0.41970861950607685
0.42194418511488974
1.6627616086293489
0.8986065138451047
0.19545451813391929
0.56150999326032
0.34769139232527885
1.3572333222708626
0.45846206415429525
0.6018566110404984
0.5012906154664756
0.29113116123354676
0.3723644604002983
0.07236655257414704
0.10564940118727394
0.28097693941437035
0.6567499061605263
0.04216722077121695
0.2301080059043927
0.6613668404449895
0.34308210620729956
0.14272274324159687
-0.11650220490771804
0.9416677761816322
1.6764486710182545
0.21646539903442336
0.5526351933574727
0.10212917242997017
0.9971574313206992
-0.014804761087781318
0.697811112689424
-0.14744840089580244
-0.0060284363651090895
1.0232750862019449
-0.3241252445348314
0.3721869368677403
0.18608482643208854
-0.1357062923572163
-0.02000071466404636
0.49349942010692166
-0.06355007658311763
0.12203663411556485
0.41953732835247
0.21222756053583858
0.1167516692607274
0.6704298058298227
-0.2080223598772586
-0.02231412368727151
0.3327629538782022
0.6172336868060891
-2.2134516573647245
0.4978915432553759
0.23486487557593128
0.5837344451770725
0.003982588813881663
0.7478497137217032
1.4424652547273726
1.7367902513897464
0.7434849285732421
0.22979623393353235
-0.8972967114005566
0.7598631041633293
-0.08396526504018884
0.3986880813706456
0.5088409249986742
1.3970433143178367
0.11136362610034199
1.5536235000242669
0.07105818308043026
0.2606451125821932
0.1400347764305861
0.8710988305398926
0.8348905032237005
0.3057075058280105
0.1105246304390492
0.3099711901324038
-0.07051764127820262
1.2533716959278103
0.6231223049459165
0.6290615191853391
1.462144618549941
0.2282133910705678
0.5964226115443522
0.3244586739814369
0.9688950185086095
0.5150232839497494
0.034923775719343644
0.2816930571026219
0.33998544202732794
0.41531773361555474
0.9229384562236829
0.9522152605749846
0.7923856367587067
0.10918231445642144
0.6278739935437677
0.48754716567376294
0.6031693161751711
0.1460832400195536
-0.38240457306010395
0.5448467279797296
0.3227666530828859
0.32545628998112613
-0.09227489469994421
0.7333351087577947
0.5895976450421256
0.6388373569235768
0.611441953741986
0.2740599347984788
0.25888413119497866
-0.07650328386333112
-0.0221293354104908
2.957319431005962
0.38150218524161733
0.23563725687261858
0.835045583299791
0.21197473825838553
0.6056684717910015
-0.10490413248379934
0.7228037979419879
0.2424016500342921
0.6668958673433549
0.4581874907029013
0.2810913724231197
0.7078070608203983
-0.16643430797110279
0.5671702793476467
1.3480089204878485
0.20845837905221296
0.15711451789881506
0.023133569653451425
1.1922267624680516
0.3759091447973648
0.2665940965041825
0.06668940104024236
0.3575847072060825
0.41014969090480924
0.5761180522147556
0.42130585895748235
0.15295066499220128
1.5210846647446208
0.7506775851750731
0.17092368196773947
0.7663113008483029
0.6709360086965066
0.18327687534902742
0.4794656477583402
0.15189391669497787
0.23548949761110075
0.4939734192740926
0.7723610273699515
-0.3011932457486028
0.32491533702920444
0.6525267754271746
1.0247857461935996
-0.6542997901896432
1.3581349574902766
0.2713141188717453
0.3920176983425443
0.13089270865878475
0.2668138747159483
1.170620026900814
1.8125064471206949
0.20062685638677652
0.9680495845276851
0.1253967763061879
0.140698699338536
0.530056577778826
1.441280054408142
-0.20972390085119713
2.327313439730568
0.8508336631250164
0.9651126347288052
0.031782745518069824
1.1544784362769263
-0.012998845715190901
0.9482303103605195
0.6694266251839845
0.12205554394998393
0.9062359056169105
0.32617307705811527
0.8861294706584393
0.41454919912929067
0.7906557493187806
0.3200095680719767
0.684888646197891
0.07104751512057433
0.5753761520041231
0.11745485932637431
0.752378436489538
0.23684236196757746
1.195943909509322
0.8491766070818407
0.6765352080521703
0.8714787227025161
0.11288683168498656
0.07766740561287815
0.8185532152021299
0.3365556675566108
0.4599371097268601
0.7916403554995514
0.5271618095387811
0.5717226207292603
0.6666159991314953
0.4309551569482907
1.473654798723299
0.5285955931538966
0.8671468581924906
0.012477494912451809
0.5022215075850012
0.6112546737982748
0.22319091880012937
0.7207893907142862
0.19214205480360982
0.6612594349496606
0.23363451042711422
0.4064016421572913
0.6597840528809139
0.2334194642004216
0.45504412439853714
0.6989509382193235
0.7283989202872896
0.675125879567823
0.6569625233649595
0.39063674063906906
0.8137246496179221
0.49471750255485164
0.7141530317480748
0.398982246544525
1.7174117718945832
1.7857173094883887
0.8667624326104598
0.3380379822799902
0.16352682014898912
0.44975792915618135
0.7448313171682124
0.4633273692418098
1.0853860529276682
0.5444879194760227
0.11822264575317212
1.124255808510469
0.255662723974034
-0.08536077659416683
0.3624890719677927
0.6620193653213201
0.3233199262794422
-0.008060460648596739
0.880664042568799
0.15034878145089012
1.2098072995364961
0.10095061659753088
0.8295139208627227
0.11027446556246438
0.9098143237217793
1.0714683343667275
0.14174498958972614
0.7216080127465744
0.07269837333402873
0.7110761306561854
1.096207287436612
0.7302373726756505
0.10855167278515367
0.23458504021742999
0.6101358204527345
0.5313662808513466
0.1479989586284382
-0.023770596824873386
0.44056935623249754
-0.275422725269197
1.5715373325785373
0.6801673194917974
0.5532766718413923
1.4579908254167173
0.07343328619283179
0.5961865628058186
0.7384134966177303
0.056537094793916394
0.7797985203469108
0.09881549504281874
0.6239625409169047
0.1355409953135885
1.3196559332884898
0.3689733893345069
-0.30462427335994513
0.12705947587780636
0.948290762692387
0.3237818464958348
-0.10070277372591493
0.12187588190065055
3.1386886311625273
0.5976685392093348
0.638472808812533
0.26427577830707694
0.19054336398164137
-0.37955984874755927
1.4048379913966835
0.054361630853705135
0.13864523775905488
0.3480121464335761
0.494608906206335
0.26732177026075316
0.9287545393227148
0.21315807977857457
0.48947932520191445
0.6341989103304834
0.3307774796645471
0.2562737139218211
-0.035431499911429944
0.6338458916483292
1.0366959787254193
0.45448383334427506
-0.27931331295728334
0.8398348373431365
0.6012658451227854
0.5760172709144806
0.8177247078113419
0.4655462847250108
0.4144104297321093
0.8775063453910732
-0.008026759645973464
0.15380970230222654
-0.8234640574647406
0.31565939911009533
0.38911932382490644
1.4444719674411808
0.48431750562103776
0.10504045782181967
0.09802704564499376
0.2076672883154811
0.931170493198731
0.02985294584217179
-0.03995153926732871
0.6149775324108837
0.6258031269391707
0.07498924699599703
0.4966236776075523
-0.08876676955935593
-0.0027721988838979826
-0.03230243913306305
0.21840281965985134
0.09306537595897212
0.5412179754702251
0.028156899084755473
0.7238600320110791
0.3132966335988403
2.172851779319528
-0.3291183681812575
0.6338099063029625
1.0578753991902674
0.7044591793555878
0.464342403812304
0.5029420623137755
0.5872504029695004
0.004523313520667267
0.02273910991803699
0.7807019730024408
1.3007408382269972
0.30602668008471773
0.5114038459676896
0.35785522619093874
0.40451577134031624
0.7337438235476792
0.5891194295758632
0.6685790191561265
0.7518013475513191
0.2973623310462146
0.0822831793294895
0.6434134540497276
0.1188892514190994
0.3463185642241829
0.6649526566342154
0.6894046466906696
0.7775048099946158
0.014826017000467748
0.5291001734159353
0.13396394100697245
0.2170609013622217
1.0652433175624036
0.22608493100153565
-0.023975301675622715
0.6592622713203024
0.5235700203876772
0.6979349413708631
0.443534407024785
0.8037797548567126
1.0070445701316681
1.1536824816463782
0.2989746855147322
0.12350157405541434
1.5165812643332741
0.6200424680171938
0.6788586730499466
0.3591511300335974
-0.11422817549364843
0.8415382847207854
0.30219446808588135
0.3274804088257918
0.2519000445707689
0.04014003812412468
1.3630400553997744
1.078613412529731
0.47409881940380055
0.7276011804206572
-0.04941083721152092
0.8619554072012612
0.8862757238197226
0.09256535209890654
0.27002004554623577
0.5897250780690915
0.16795256675319103
0.5458208174969562
-0.14380844447697183
0.6288801170543836
0.0744904849936979
-0.09616652802096728
1.339559422053863
0.755251284028821
0.13259530946802792
0.4137074415163101
1.447376874901425
0.05604353396650572
0.6764960147931675
0.3657813700412497
0.40480304503695436
1.4167172910238695
-0.21549746554547403
-0.03343398667284593
0.10340695367501174
0.08229567422418817
0.780877748650194
0.18030229541175008
1.5396136605968158
0.0536000761263541
0.22545608676643628
0.12564656524781934
0.36559315143321736
0.3039418521742445
1.996169219719366
0.38467331822640344
1.3843583311266736
0.2695987450202922
0.9861491528116202
0.6237113019082454
0.02038519800155713
1.2447960134380263
1.0797564302240426
0.4045547731232525
0.2008253161730191
0.44593170885616823
-0.1124273275918432
1.6786043157363113
0.10202672752550748
-0.09967665385461319
0.039387555204835646
0.7630956722450144
1.0516652782838964
0.5111352331258502
-0.10665156945346568
0.2719597232784245
-0.04157033786619625
0.19342042331771
0.6020683775993252
0.11704883790213076
0.013263970390780176
1.0347894486661302
0.3126837444087507
0.9187765925863296
-0.002114602085856225
0.9241319870330037
-0.0884081008136038
0.015994471482798145
0.3551046637289557
1.2481442043254478
-0.036471221936156525
-0.1317975364725747
-0.09199582998793761
0.17883615525330332
1.1156971795420336
0.024049624677511178
2.3378502016867433
0.08232786435994714
0.4402551679618867
0.13345996917099012
0.10732883045027039
0.5520330661044873
0.24662975279941107
0.27902060684427543
0.63577779013676
0.6706178434640078
0.34204733232317625
0.5869340658187432
0.8006194790296594
-0.019691954107975595
0.9372766572686374
0.6438193861385572
0.5007164612542794
0.2273866142535264
0.9461310790706194
0.7582904750491741
0.6832766608747376
0.7058491165480247
0.17730121539834862
0.661870405789531
0.8579119493258573
0.23475378040125056
0.1506761634592438
0.7581887619332611
0.7743546583915699
0.4272191542324169
0.7660781821510816
1.2361492035227688
0.7865974938154638
0.21660358559523132
-0.00898264704570065
0.05127057862183066
0.6401871277592672
0.4399582899581644
0.05187063867140885
0.8435477109932841
0.6749534178963175
0.6751334559181895
0.46747533058336904
0.48783927822390016
0.795509499298814
0.03364233232983909
0.875277977392803
0.38078259527667735
0.22618518312953922
0.7303699666815854
1.3786797283380416
0.42434778427418707
0.2428524159045915
0.3509298888484888
0.31859873211640005
0.3801488180597602
0.10202967713348267
0.6002587000070037
0.3029479439314575
0.6140273581556627
0.5451703915179451
0.6959866036190817
0.8039453968658461
0.016601494814923862
0.5395028808937584
0.011872163241057103
1.7728931461797723
0.07854152170842675
0.7121224407690698
0.5131612370483923
0.10278059816337412
0.4647171192717408
0.18820072037285612
0.5301426086227728
0.45350538079698
0.45712909851179295
0.20963434435591397
0.37726510518283446
0.4141999801516691
0.16296155655603697
0.31093561092851846
0.42990281830517113
-0.018531887133507563
0.6355421959091723
0.10432445074106145
0.1267619625083172
0.22636724929667848
0.3163400396812662
0.1578491000933799
0.6082580316706083
0.45044297812586204
-0.07818607711264573
-0.17552601547851482
-0.03364341787674584
-0.0602444104123169
0.6344059219903088
-0.05144642424438829
0.1392245552379319
0.09579356538519965
3.0662104652005864
0.10276716907210894
-0.1670195189530148
0.2544580788365027
0.5136283688238319
0.33586624103665463
0.46238609291469296
0.28458741532673304
0.7202127873473578
0.6212592665556318
0.3113026586885711
-0.00917511927114043
0.5508882904557045
0.5201069025759769
0.32789051820372705
0.3619722997358409
0.7170401478557477
0.5307961778025374
0.45486307104783336
0.22096091924512165
0.78699162614999
0.5296398976193021
0.44653443381839686
2.0363806168958356
0.6998264068820821
0.5336663853937834
-0.14185143233197905
0.24396682763084876
0.42255981974677526
0.0098422802334937
0.5497415923821952
0.26300955774866186
0.006377909362202847
0.1830717332378225
0.16976093340996673
1.1668452058682885
0.2729828278812755
0.3545535055733616
0.33349689335298555
0.42781035692015557
2.4616668230337595
