-0.012736017412417667
-0.02684112007285196
-0.052302043894402656
-0.05082412693635757
-0.04053015387550423
-0.023777992081227165
-0.01574573604740442
-0.006127496751955207
-0.010393410651796666
-0.013135588084311684
-0.023602992551422824
-0.01603836328989871
0.0012881174226111857
0.015055344177768592
0.002668173050236099
-0.001744197172714653
-0.011384466926349143
0.0013169785325449106
0.012623428794685502
0.020299147801441746
0.04420154900069822
0.052002094574912665
0.03150984791482616
0.021056982197038495
-0.0029902234357351335
0.028367689257169763
0.06611296551118305
0.08533121776294715
0.10397014235658841
0.09031719981699705
0.06902627608825973
0.039707115378473976
0.024352163174760397
0.12070898936380246
0.1854160537841273
0.2070812100036426
0.20723161071033733
0.14929449919153312
0.11508742109259532
0.07592712788067515
0.11811271531318776
0.2397801138251583
0.24942815832497595
0.20264618256447361
0.20876275858929252
0.1838216714882684
0.14565332555274835
0.0858006004371513
0.27035355312463344
0.2579307938316623
0.14678136433297143
0.11495128452343285
0.17948966746912898
0.21271859840989565
0.16143373810726136
0.08253407460491452
0.3808980406828793
0.1354925733299007
0.06349613978912547
0.08617982897279375
0.19192658430149773
0.24989888719637215
0.19143927657052792
0.0817180778920317
0.4441148840060472
0.08677548183849344
0.09432486639435357
0.17195505514433834
0.24659253406609907
0.30504266059104257
0.22769334331643032
0.09290018800998377
0.4575397472594303
0.13277761362782772
0.1718375810795474
0.21469090293750176
0.21660236024913226
0.27833251221376915
0.2641527094984055
0.15562346336962896
0.38358960296967526
0.17630993477210188
0.18959799283211734
0.18649666891010785
0.13364306612621055
0.1931897036521111
0.26051591205938857
0.2432235291816027
0.26043521323036595
0.1574052398410579
0.14261642174036723
0.10875777399314068
0.04259837953993857
0.08659695622053275
0.15559178580681976
0.21155519723636843
0.12342707575234294
0.0621524655759871
0.07092676523161309
0.03985085128169924
-0.019781038238082554
0.01445187751425936
0.06594220313811461
0.11847216213000769
0.06614977065219836
0.033021955535652035
0.022207583272050097
0.001825428466016227
-0.0354829794080681
-0.02781232790800249
0.012757981071442447
0.05235779627511872
0.019239860409931926
0.004069668893501604
-0.009477653928232408
-0.012261826158278859
-0.036875251428381106
-0.044692413600598016
-0.022576207164684406
0.009411368719112372
-0.0019830116038748076
-0.014273006247594927
-0.030193686456822976
-0.039846064592854565
-0.057792665120710435
-0.062161424430736856
-0.03627535065299063
-0.0076883086893886655
0.045673108255767335
0.03518564463230137
0.016085149579663026
-0.003695288971200934
-0.014000282549119645
-0.017264326792347115
-0.015600668940555703
-0.007371381846068808
0.053775719795549216
0.03345289868274444
0.010380427369660217
-0.006184460671553722
-0.023919696833023647
-0.021243675590496256
-0.024746366445388832
-0.01700891025616091
0.05826592132511205
0.02801109860016467
0.010619202999553212
-0.008197879754957012
-0.01830763046507171
-0.015490316315034747
-0.024213686265255132
-0.02603081502004824
0.05670776002510871
0.0252925981223056
0.01403420928118878
-0.002950166386903307
-0.019612789135225656
-0.014126923377018132
-0.025183994362627405
-0.03191983464870829
0.04639719317908306
0.027615616044913284
0.02078311263019298
0.005177035073161491
-0.0134303993354221
-0.009560846668774575
-0.027747111288400322
-0.03207140177000479
0.04129068437700952
0.026964068534140077
0.020780885357250506
0.006729377260917525
-0.01600215431256036
-0.005944609960004833
-0.020828431940724177
-0.02348007562136159
0.03143162631194309
0.025833509697071596
0.030691860587746877
0.016662353526318854
-0.009332900399944806
0.008084850729564741
-0.012420576410920424
-0.016158152081095008
0.021402106435268003
0.03796046609728313
0.04117717510644086
0.02357336467119348
-0.0075521603586381795
0.0239103984581344
0.00793446433006821
-0.0018363504260753792
0.006842384053200601
0.0538835250822086
0.058493422336452806
0.03242626250060991
0.012619835115162629
0.04284857187661399
0.039390109208095506
0.02810665397164799
-0.0007301788949162633
0.05911655532251724
0.0784946110104059
0.059609257622859894
0.022006337867444787
0.04424359825131142
0.05251262397268169
0.05949187608911833
-0.005698326379700409
0.07088451864167931
0.10073460503767183
0.05347393988278105
-0.00194412720880661
0.023966689923164922
0.051514595491268016
0.08788650178505222
-0.010179870142186766
0.07250973569616814
0.09700794558113396
0.0441046961247631
-0.007774745813445644
0.003491680610194451
0.06103940202461584
0.10444936024116344
-0.008654737330900966
0.06077080349776865
0.07309659086120959
0.02610203819401387
-0.013520030085279319
0.007787934835836861
0.0714729115144662
0.09053249675324058
0.005535187050075041
0.046893113461710184
0.05483431925320836
0.011077198492549258
-0.0022371308387938464
0.022044453138742665
0.0747544236266451
0.06256570230582
0.02589474821310117
0.05053184939628937
0.05058265312138943
0.024737156974006684
0.03542872124565056
0.05510994093535118
0.07233415238938071
0.028567210177335465
0.030405937007535654
0.0655436519363985
0.07776256008325846
0.08423862828502124
0.0761448243234179
0.05459622290331432
0.03148258575702814
0.002298217608729253
-0.0032529447282239575
-0.013385799898868291
-0.009577924086794597
-0.009814783619259618
-0.013771261652411701
-0.013230104787595912
-0.012885521937368584
0.0011678896922080228
-0.0036410438602846058
-0.009648611683271184
-0.005996620538187999
0.004309172640162736
0.011004794863913247
0.019143370585770012
0.0009428716912304215
0.010873411874629493
-0.003166837224945959
0.002589712696199042
0.014064904128924586
0.03240427685648218
0.04517208320414505
0.039859917753373796
0.010649418423155043
0.020288142584447867
0.009522048397773073
0.028359562322026806
0.045017193836791355
0.05460374483722978
0.06089390987227244
0.034684741747582196
0.008068700472283887
0.02038676516809756
0.029495318067899418
0.07456946626977509
0.08675995153778748
0.07839435756099118
0.05998312981677853
0.018625011483056703
0.0004469213334496959
0.018710126478555824
0.09057110780029196
0.11745583995270636
0.06344661712440387
0.03230967775316561
0.015070901795658884
-0.019956752176255924
-0.02574302434836579
-0.006746592072841543
0.15468138983527396
0.08729152524047788
0.0007913294502010017
-0.008993379888953509
-0.024188766703279137
-0.0358944973925978
-0.027510583511898203
-0.022646243397800584
0.1979023649878074
0.026599189485314503
-0.03807521380358219
-0.031864648875305435
-0.04015066445190531
-0.029963181631409107
-0.025584868166297788
-0.023923551663254997
0.21654970926258169
-0.02427096258944672
-0.04080713777650392
-0.030798021211687336
-0.03228759448388875
-0.022423481645070065
-0.03169943937904475
-0.017426526409757396
0.22157026705392413
-0.01600527231846532
-0.018023020007238377
-0.02093011270046106
-0.016425201970411533
-0.00863299376560774
-0.01332645943836903
0.007089350169089077
0.18981077592083165
0.026676143124598088
0.013898662609407407
-0.00040559015652426875
0.011583977929045008
0.019830488693574306
0.016552052240434323
0.028234246646493058
0.1407973587636866
0.0711136122223567
0.051679832142105295
0.03928575246938515
0.052445558623776874
0.05069148690023773
0.038096373688380925
0.03141217804558085
0.07851471204348759
0.06820582844970081
0.06955667488664567
0.05395274046829355
0.05436657988715079
0.04340912297717193
0.030859382075386212
0.02548220045729413
0.030820243595351446
0.03505607435458673
0.054566383478735714
0.05233396945621801
0.038368400914682695
0.019973799078853053
0.011304026980772843
0.0138763779384174
0.003119133485976147
0.002075248427574907
0.020929487984547544
0.027498505481587703
0.01823243731149878
0.007825969527209365
0.0081125507917763
0.006147911897169568
-0.007656729813966507
-0.02085468404099674
-0.009791902448535146
0.0037542565168675185
0.0067215284595899686
0.0029831941801732337
0.0060021352688474855
0.0064033862069763905
-0.011357174873586222
-0.027115267863424053
-0.04423443806998047
-0.035993712734793966
-0.004411721679559941
0.024731818757937417
0.02060578583535305
0.01934714488998329
-0.0205789820899594
-0.028192101907873513
-0.035505978852868
-0.019454860981233293
0.00023449330306995653
0.024305892611094285
0.02379440226154711
0.02517832874178392
-0.03614976264844957
-0.03575958922678851
-0.03751986948487354
-0.010771499892195134
0.0009634652096308083
0.01677824111655215
0.029025206713685935
0.03209536728304425
-0.06918180503973409
-0.049898476103874004
-0.05512566174503029
-0.029003370360167157
-0.00946691525441181
0.018991218044910337
0.031237748880384702
0.02742245346942427
-0.14382836390233347
-0.1281621532047817
-0.16475772107373415
-0.1676487465380283
-0.1538264955238775
-0.12272416189233772
-0.05922152873056905
-0.03004943645145541
-0.24278950659067855
-0.20260291582520712
-0.19968892205290625
-0.19123259875048523
-0.1987174708051336
-0.15243681116506022
-0.0630462474490208
-0.040813628617111346
-0.3501516497443446
-0.22196158310245062
-0.16953427431130097
-0.19928747070560013
-0.24711161732968517
-0.1442292307057083
-0.08200179734160759
-0.07835746388602385
-0.38243265333734094
-0.19953554630938253
-0.15922965539109443
-0.18132524141523226
-0.22066583073215015
-0.08071951884024209
-0.05592356579472152
-0.11624460473114574
-0.3386338417460382
-0.10955404237551512
-0.08617931419477701
-0.15327847845860287
-0.1578293082742293
-0.057933839469724316
-0.014955315043249342
-0.134504818677607
-0.28684949024034373
-0.12386566087215424
-0.13170412887722668
-0.13822917694529047
-0.11768301877709726
-0.07284732708627703
-0.036068317827628905
-0.15326962265992003
-0.15652285953488587
-0.10678209565304657
-0.13637473201523984
-0.09012287256613216
-0.057976970747856654
-0.04862953503403812
-0.07735650751340081
-0.19317249306905054
-0.036458543672665544
-0.08116633914766082
-0.1279854145429311
-0.11308774152501601
-0.09651158270837534
-0.05159445303147063
-0.07961827339580693
-0.13071104863760344
0.07189316826040727
0.014856616067546674
-0.012563712158173255
0.0035159268073752313
-0.0010006366829825952
0.05163026732516852
0.03358009186208493
-0.008116077958316986
0.08869845737662806
0.04139293567286239
0.006382120440000518
0.019965752945264814
0.01974740563030717
0.05174479162420942
0.04644482583521678
0.011936508972633172
0.06223407872821103
0.06119996114041292
0.017823267994639968
0.026722114734997356
0.01866444437510423
0.027113626516847265
0.040929199136187026
0.02328212413370015
0.03105828762540672
0.06763185375340422
0.06129128714067469
0.05437055453868269
0.020724553588475015
0.007341394885502095
0.011774076872709273
0.017470911114963503
-0.0019565217548491555
0.003622021175285188
0.0014511153445158351
0.012410242681057426
0.023977850950509434
0.029561465521210455
0.01823440949096268
0.011557797058583999
0.0009794144295912535
0.020796017346094424
0.035725360169078145
0.04538408660504851
0.05551344708638167
0.049662479875350454
0.02562445195348973
0.030965617910265985
0.014637295497555644
0.06419796428348096
0.09595711633482706
0.10887042004955655
0.1230388139803595
0.12288552001238397
0.08368291751747323
0.08345423472902883
0.04666919741901504
0.13536701592094655
0.1877984623191834
0.20600998222454006
0.2125204988700784
0.1887103991473885
0.14060117661980182
0.16173712917584399
0.12823031469751647
0.27415353162359707
0.31351038262315034
0.30532076692993193
0.27522108585933586
0.23216276186355345
0.18293638726867423
0.22994511881103788
0.2861444612480198
0.363910306016531
0.29879410956962005
0.22576841833537098
0.21394833451413994
0.21092385960262688
0.19425075686057258
0.21445448625665792
0.4267989006686081
0.377295045658362
0.27101107007997177
0.24587658598640613
0.27115561873016525
0.26533131260046566
0.21688759458457754
0.14735556964463903
0.5294182773482216
0.37034994863437815
0.32494594268518073
0.31495279665877357
0.2892900945593064
0.20554303559964762
0.10952858584449345
0.044306905495544974
0.5624187854442863
0.3092696292672308
0.2625170090546972
0.2027442982112987
0.1300851888253185
0.060878401122736604
0.004651055572312598
0.014232862214006547
0.5342893299804312
0.2416395143444538
0.14265087702570015
0.06465601358195723
0.020304241402220792
-0.0024230054139079385
0.004804958318393797
0.05402678282936258
0.46134207278721906
0.3003630452771291
0.18327364618887274
0.12136437765085768
0.07924636433725
0.07508756660411378
0.10170401938445844
0.14736242582045844
0.2994886669199862
0.27670215375302687
0.23357649047994186
0.2207690551445526
0.19005583683817573
0.17910482632795877
0.17441982988681579
0.1714445871824278
0.1481184275503585
0.19835208869689108
0.19377924400900712
0.19214066618043485
0.1679201348292479
0.154873318536992
0.14002990460943565
0.11839114435398647
0.0399046773290463
0.08676715651970704
0.1048174047164899
0.11578623774442744
0.11061060318021762
0.09341125168048034
0.07996027705538282
0.06267548457277951
0.0010806506352386831
0.01812051914579907
0.049977417034438115
0.0507205616079677
0.036327086849694365
0.027062085599736375
0.03133778622464226
0.027828860118658705
-0.004173906706514272
-0.010781051338151736
0.001577731470156059
0.01186264730075562
0.013609599400069531
0.010991724790193754
0.023446018258424132
0.018568368078642605
-0.02462943128329805
-0.004094868134272414
0.009520044520007254
0.02423553029839616
0.039704241554222315
0.045274323072289804
0.04146266117184256
0.017530925712067325
-0.03695063599891631
-0.0015721466050292578
0.017912827476864304
0.026105917870239786
0.025957973607769292
0.02869561195297985
0.03980628896172451
0.03442215881344778
-0.054084129594933805
-0.005700827292281113
0.01811297660206309
0.026485335398472205
0.013022858540966919
0.0021115899743538243
0.018123601753661712
0.02292081767443355
-0.0644353384816065
-0.0009383345042486572
0.01874810483472305
0.013914865314092532
-0.017938011034201944
-0.027585996907161923
-0.018582072766789262
-0.010223404505558946
-0.08655382914200042
-0.008119456135946234
0.00447419388382171
-0.01329327005660113
-0.02698266479699243
-0.02139938067733517
-0.02354316955160427
-0.030777158136396053
-0.09951477969083301
-0.022806869707038623
-0.03263807244125337
-0.03499005522353497
-0.03772428071474284
-0.036210088514075665
-0.03485002785907973
-0.04533573683428146
-0.12534470548418292
-0.06392391126240438
-0.04515142481988242
-0.014693661393212638
-0.029313020113689425
-0.03869074961316094
-0.03811498713648876
-0.05137022218652486
-0.11626132155829343
-0.05520757983547029
-0.028321897304563987
-0.009298913390824955
-0.02163119048871667
-0.019196075683089963
-0.03193191522869068
-0.050993679922238314
-0.09834842106505497
-0.06003490881637341
-0.020951602990728756
-0.010577997334351668
-0.027765112665959536
-0.031027686327541975
-0.045354754586790405
-0.053374486375664346
-0.08927441498865132
-0.07188726080136096
-0.007315401540874756
0.010188069042371009
-0.011084128502796256
-0.024652752016348686
-0.05916160569420709
-0.0731699281694564
-0.08357940326158622
-0.08901887859325809
-0.017194653727040682
0.0008431413231502716
-0.019054340147717983
-0.018086391344395384
-0.04347252356146201
-0.07956027057689474
-0.061631914913958565
-0.07178911273826337
-0.017341924144868744
0.014092706376122926
-0.010649364061717348
-0.012528211873818279
-0.024912224399327138
-0.06357582258549759
-0.04671011830190754
-0.04628721399497478
-0.022950352520561757
0.005600457705794798
-0.01871875245693192
-0.025800723575334916
-0.038673523477093616
-0.06521349407826658
-0.028433764691009517
-0.022727953779066327
-0.009770738035603655
0.020930690723022605
-0.0009045215175784007
-0.015093100009680744
-0.02907962991399481
-0.049652455502136254
-0.016640553934211735
-0.01300066697825752
-0.004816079193454407
0.017583733464708054
0.0024574798160232943
-0.004612301694595288
-0.019631843478103563
-0.0322764870907975
-0.010891760542946554
-0.00825975520828741
0.0005352523091152723
0.012750979133220746
0.008316000346041505
0.0007099546071430852
-0.0057289851917387636
-0.017978181895726964
0.007482737265986269
0.038548801237618835
0.09785679069097437
0.1438662256348966
0.1555277048292524
0.1330771296867798
0.09354777324951354
0.03358812784690165
0.03231613735229792
0.08118426192349602
0.1204836730417541
0.10598166023023535
0.10395631797063895
0.11356916973727581
0.10436456442153282
0.052899839978072224
0.056412305835267136
0.11023099238959302
0.12940384115828354
0.10002043920715188
0.11315613484913103
0.1416272864960454
0.11749198355165569
0.05987606644057517
0.07784915189144098
0.11052981911354617
0.11985497636986475
0.11053914315508806
0.12651279120898548
0.16151949567887813
0.12560399508540457
0.06113000117984237
0.07396664187342918
0.0862870001873862
0.09533088202580703
0.09114328184400827
0.11198123195551234
0.1580370449142832
0.11699132105340185
0.05489146987654131
0.039289430383286666
0.04151815161539374
0.06551853108567464
0.08317071833958563
0.10012450443108092
0.14245883915419977
0.14535756946876136
0.06025328772367624
-0.0046510432432189785
0.016926189736791095
0.053753098065112415
0.058960707246636226
0.06174279566260419
0.11120084152320547
0.146760949938259
0.07507380190518878
-0.04469030201382905
-0.006983832115536118
0.018876154914752422
0.02086384395388042
0.03055122640084968
0.08362711584589186
0.1424197804153993
0.08656657671029822
-0.049461782434077096
-0.0012112703687088497
0.01418692329308658
0.008395327384679482
0.025102189614681254
0.07137753612757483
0.13140891238471542
0.10403321586099527
-0.041120135104469546
0.0011235187101680255
0.013876072791010446
0.01037814384989957
0.01639514934408325
0.05460768196950232
0.11272713437078263
0.11371590196232301
-0.018526879273501544
-0.008434666221818675
0.008603828588362379
0.0032925525488453683
0.0166771412875185
0.0473100295046978
0.0960982436547675
0.11313147188718037
0.02249171103203283
0.013372237028496981
-0.00671891265480572
-0.02284589863208094
-0.00024805260883340027
0.030686582673436
0.08227325234527832
0.1175809427256642
0.052603423128969914
0.04897960891137161
0.0311593995316938
0.013013636624787113
0.03648909313542961
0.055711070793097485
0.1077267007845424
0.129348888805492
0.0697350880498775
0.07539236024198459
0.048161860355593056
0.03627040104225037
0.0695382615150856
0.08337602748172626
0.12494928939807413
0.10552186043651951
0.05542935399755065
0.09633812302184631
0.08530560970148177
0.07064671690878524
0.08760604436248684
0.09480672531057094
0.10944758697563961
0.064963245400734
0.0442652213691932
0.10891667886366645
0.15236568444395357
0.16370082757286236
0.15450571152258125
0.12283939570089264
0.08310488504542353
0.028802632848294322
0.024812114715872833
0.013465778867668535
-0.00555177864643341
-0.02128516114179558
-0.0163550945494459
-0.016620227539347533
-0.007012450583756128
-0.0015867154393601692
0.03658953834724167
0.0137013701396263
-0.0011286095708622442
-0.017010387596788853
-0.013476179867146195
-0.01714753915221978
-0.008582664708186586
-0.006128252116489126
0.04325196223733857
0.01048886789396814
-0.006261395428613499
-0.019226687702334332
-0.02139103463984047
-0.02500387513943761
-0.01259292161513559
-0.011001806901369005
0.044358484761556745
0.01098364487638654
-0.003507912986090668
-0.022355025509806226
-0.029117075232829023
-0.02653513514732225
-0.022223087786622263
-0.014135745020490198
0.04173406898475944
0.013830852721912805
-0.005719794515961267
-0.03824046435928148
-0.0535046058250918
-0.041102504175943154
-0.03676411284119444
-0.021913076135604576
0.02797759124063944
0.00896862431579571
-0.016715909952393547
-0.04173272387215491
-0.05303535138161244
-0.03946572182265355
-0.032187461099432345
-0.02701922708656027
0.019677403583588843
0.004517260700503549
-0.019578588580669402
-0.0248745716963626
-0.032935748754334235
-0.021463672234105342
-0.02309749599352388
-0.03222471244662263
0.0059921955854644
0.00675292558574706
-0.0022766612768973264
-0.007216807155727291
-0.012469163395127889
0.0007407818867401694
-0.00438140737087635
-0.033327434139490006
0.0014777446535992008
0.020349089591965977
0.024038143174146313
0.01486480483356102
0.011114123936799107
0.01202513164519399
0.009223843452810071
-0.031065491056987735
-0.003106699991603212
0.020134605998275476
0.035979857470227694
0.017439799064880367
0.016391543007694086
0.016306858969305855
0.012332059034191942
-0.028205602997995346
-0.00044442136190809016
0.034791114709400335
0.04667495420985535
0.009792345103906142
0.010733377936780203
0.005720009700873704
0.022869039701845697
-0.011564087337544516
0.0013048050674626126
0.042190251288106766
0.033004682075472094
-0.007678390185068692
-0.003269766011428713
-0.0064258006232498005
0.03289959645747157
0.01190751703207551
0.009797948773461256
0.0476723048702228
0.03168464860197136
-0.0033468004623294803
-0.007336631576049795
-0.007019267568376264
0.03152223430421278
0.028837479266108405
0.01423950138882301
0.041938789848673864
0.022044855429511942
-0.019650081854916204
-0.022945516010357117
-0.006863931488911625
0.024485590403323782
0.03730946120835548
0.012572617587655746
0.03260268208245891
0.01150192441943257
-0.021928636040754755
-0.022575888916034556
-0.0005360781009002673
0.02167504247937345
0.035390771723091824
0.006379774235127167
0.012370236956288834
-0.007967589559158487
-0.027061353185466853
-0.026075804083650723
-0.0032535216740921173
0.0187603495172474
0.029405263757009914
0.017610764616301743
0.07476066823090809
0.20440713210265743
0.27925610289652597
0.2636610783557612
0.13492812503103171
0.042275537228731674
0.007460061727081341
0.003687712772630516
0.016596299107756934
0.07627215831320547
0.11317284517880262
0.12908365555296236
0.05578796278435171
0.01687614048276766
-0.0013134236603771097
-0.013052777907873998
-0.011099365679908548
0.01847026646694882
0.041304261459155216
0.06531972005612117
0.01756264237514318
-0.003269059415137159
-0.010620039591869967
-0.03636048115343011
-0.0394653416604704
-0.01896750104786922
-0.008699579986212264
0.01505462735251597
-0.014043563911003944
-0.020517625072467814
-0.018667247096593297
-0.0689708733599876
-0.05494337743180948
-0.031173769411670472
-0.010073380331922907
0.004035386894695798
-0.03305288213919109
-0.04004089033388813
-0.036850267484140393
-0.0974969798362825
-0.06285218007341561
-0.030263604111609967
0.025819837993450983
0.0508411668873946
-0.00857457358504533
-0.025208564256819048
-0.042970827810970606
-0.12297937402262087
-0.06738113003843545
-0.009270959104947135
0.07229660952764402
0.09285737791648688
0.003273515442030818
-0.022787301026639197
-0.04669771034371942
-0.14266219074158365
-0.05852699808872282
-0.008428189923148364
0.09726088297224617
0.1512263458852552
0.02500455511012914
-0.02091913868098336
-0.0442364708432202
-0.1487693209666865
-0.06286235206713357
0.023900571399434002
0.17031254074413185
0.2086752596554849
0.03023490290510693
-0.020524721502007157
-0.04657866574349957
-0.14144621106363758
-0.0478175010388559
0.059805714396162335
0.21023179422565946
0.24608075388704692
0.04676999212424741
-0.023877223421527535
-0.058041465399306824
-0.12431555758656034
-0.03682279954518486
0.06051198112520691
0.2243476512394552
0.2550550663646149
0.06066218953606492
-0.03007688438814778
-0.07340039989320087
-0.09084267280384041
-0.017847793011336044
0.06537429905200524
0.2103947515129355
0.2185849822487824
0.03748416932755456
-0.05349049832770007
-0.07434969870280118
-0.06289883103351138
-0.02632129329189771
0.05629767966963343
0.18080429176435572
0.2080256631364262
0.0649930607876523
-0.0036093601848909453
-0.02887101539369315
-0.02073195343694068
0.013241224680236663
0.09258387509003034
0.18816803765663415
0.2322000267674474
0.11392903116935627
0.026069569842125124
-0.00387066368139646
-0.004460454874511031
0.0271553879490649
0.09878231123951563
0.17478359840003085
0.23381654188286122
0.14008738256774977
0.050672602576062056
0.005893165645384095
0.004832062268680269
0.032323663241291496
0.1019274873770358
0.1672354756781996
0.2494115409619618
0.18008369162783666
0.06868396612480823
0.017629854803904985
-0.00010372243125403687
-0.0005363560397596399
0.0015426528874102363
-0.002526424408799826
-0.009769342966644518
-0.004656986280981224
-0.00472669791433848
-0.004103194623808553
-0.0012363417673022625
-0.0035448447048285914
-0.005542024867869802
-0.009756585955062817
-0.014646528634063846
-0.006333821653027858
-0.0053777717236141035
-0.005358497557468731
-0.0036417103243705446
-0.007182701667648349
-0.007982004961334327
-0.013944193758088232
-0.0171850397101974
-0.011843401363064122
-0.009891793061118452
-0.009965115320504394
-0.006935489874028171
-0.013492477013043848
-0.013794391372537388
-0.020116624444192245
-0.020134702638290865
-0.010974415228196466
-0.0057975601167899096
-0.00879711343186337
-0.026296605125320782
-0.029264732840533648
-0.02387629919443881
-0.030596920037900717
-0.033575564443974686
-0.022606356487023378
-0.012838930706014084
-0.01617938040674608
-0.050605714773558
-0.03427486202324389
-0.028615060903585468
-0.04426113592390884
-0.04155222923395231
-0.025400580675846857
-0.017815970917151334
-0.024205000538760783
-0.06562431670707501
-0.03784698912760613
-0.03464269250007171
-0.04622334087197277
-0.04126658038074376
-0.014848514685676906
-0.013106696871153317
-0.029964609490172496
-0.07797280409870912
-0.05007923317128076
-0.04608585451995868
-0.06571127717685935
-0.04536474775887029
-0.01465799717972267
-0.014254367628123672
-0.030152189315716452
-0.0785425919552848
-0.05997183734946228
-0.0557123745491214
-0.06133610613858924
-0.030731284904238355
-0.012837825238809579
-0.021976028822198426
-0.03377715184985426
-0.06759129770733413
-0.06583361222070779
-0.0559905298643251
-0.052084413793981106
-0.03818209449136515
-0.02656036601822375
-0.034956619125657826
-0.042987883254610115
-0.0439518845471551
-0.04317103662689408
-0.04415500989695262
-0.05028617710011757
-0.03693791661870155
-0.024273319654650655
-0.02678988844628508
-0.03773334887187958
-0.028047366766344936
-0.026078140702880302
-0.026200641529306148
-0.036897183663538294
-0.026675366800287238
-0.007082545787074997
-0.009326191052355376
-0.02227658591872813
-0.017283655488879557
-0.009119356577361851
-0.010943583542852162
-0.022515949570111583
-0.019436326168547412
0.0001731497459153359
-0.001304845254778093
-0.004316424189660254
-0.012344887301575007
-0.0051755373170934045
-0.00719828019710535
-0.015765638802469777
-0.019669255735885717
0.0017161182219330312
0.004610802263306544
0.0021064155692078644
-0.006743575015372333
0.00011731480316542429
0.0014729037493259297
-0.0041736288990028144
-0.01078975827697217
0.00718058146661465
0.008817051841314679
0.0029908627599708293
-0.004468201892144308
-0.0018371554867891492
0.003378692857604091
0.0065297374666331695
0.0010052868605736035
0.009445661921481502
0.005512618489887881
-0.0002811225567826923
0.023836986925455973
0.016039385995336466
-0.0016609352608282536
-0.01817553636465734
-0.016644617097553337
-0.00640137920568596
-0.0029901119329343133
-0.0030370937243815416
0.032195273434395814
0.017778779125460234
-6.134680727999275e-05
-0.014991829678428097
-0.013422357864876576
-0.0042840898257443215
-0.001476708413805013
-0.0018446061782340167
0.0461202354157814
0.025460011325064893
0.004226778888333375
-0.014547507752747976
-0.013740237601947829
-0.0038093314496547258
-0.0023154154389343523
-0.002726986239074032
0.053528185008094656
0.026973311756399034
-0.002655482971791516
-0.0206219305696427
-0.00810394969667292
0.0070971233908389475
-0.0017002411712915798
-0.006670540557815255
0.05517079058057791
0.01875060569665175
-0.007972745561802493
-0.01763622595178184
0.0008694101742249709
0.0076504023796927015
-0.003536333460171922
-0.005436245870197663
0.0483493633869622
0.017461988578302702
0.005406527419500642
-0.005249059032928996
0.010386377194196546
0.013465501325979595
0.005372038990466604
-0.00202583199575619
0.039531597828444225
0.027506791586148573
0.02336708058832624
0.012209302518288953
0.025530792327501578
0.027808268903869917
0.013960495322916395
-0.0006631785386205548
0.03340751824384746
0.04518004871743718
0.043247030068229206
0.018173874557052667
0.024872347716482238
0.023086740396631743
0.012586556496803314
-0.002482364549129161
0.03376347281661767
0.06630605026175584
0.060579576364526114
0.029543749251695842
0.02646435623983212
0.021764823887273528
0.007719807415070934
-0.00798511243865215
0.03695507708719835
0.07112026206238407
0.0602452994664287
0.02708403733323389
0.021221355896600354
0.01796672558132538
0.005200173965042696
-0.010222681374342303
0.0418161332268667
0.06835202805281335
0.05961610814997147
0.027688648614509904
0.02431897680648379
0.022833887694254793
0.008495793221264682
-0.005787151864943077
0.04032237296730338
0.05937862466536162
0.05264238151219124
0.02645581982078713
0.025908707027757466
0.02828380146986103
0.017770700762399148
0.002667747540776297
0.044220785128404175
0.048158830766922386
0.034850150495414574
0.014931876410995469
0.021439771768460493
0.033676419897440246
0.0339346204993272
0.020310866434621034
0.03944991873056884
0.04236307580754194
0.022059064769335023
-0.003206309002659733
0.005213434552702884
0.024011057422306446
0.032264236930958035
0.025517094148845232
0.03350921623355473
0.029468256177171248
0.011741554835202143
-0.009170273309114749
-0.0034010076707008687
0.013569528468042455
0.028438385131414595
0.025247409557008473
0.021335945522795326
0.023880863331950393
0.006709754255026497
-0.011638988184259139
-0.014317287777833252
-0.002484781225569493
0.01575565197368848
0.02153343326209016
-0.002108509788397216
0.006717688396964239
0.05569778335717454
0.10085635786743535
0.07303508176668665
0.023817676859566293
0.0021679460012610963
-0.00954316261835784
-0.011228006347656005
0.0005513454745049137
0.054183534316727594
0.11453256605510725
0.09155417446251748
0.013742496295379913
-0.011666992006404897
-0.02272026647942119
-0.034161014127924876
-0.017037042473393025
0.025378728304274047
0.09674974902353814
0.08559832205780968
-0.02139365522216305
-0.04717561891217576
-0.055556260773798515
-0.05563406571718835
-0.031058966455902406
-0.023742700284374762
0.07474812053374287
0.050671136940821974
-0.09073004499099357
-0.10571787213503273
-0.12368326250339423
-0.10073949825199892
-0.10056420308660874
-0.13720266351597404
-0.02159054804891948
-0.05386399441815646
-0.2007398563843429
-0.16841383223711168
-0.19849045682747182
-0.18578919455922432
-0.18725885452886581
-0.14181771827682418
0.02639311115698219
0.014292534883158422
-0.17467960910731992
-0.16727586352511128
-0.2229349633998535
-0.27413558530346616
-0.19099762458576838
-0.10340569760729205
0.050279437525871856
0.049321893095490385
-0.15586587865875368
-0.18758506993291915
-0.23919483281040074
-0.29517463009425027
-0.1505757453077899
-0.09921952398267637
0.07037830453749108
0.06218455681967035
-0.12172317707742203
-0.17461775128464524
-0.21423762253153053
-0.3309228016376414
-0.1700013203555538
-0.11066269401931855
0.07886201841301661
0.06917086707433819
-0.10319361489101918
-0.18881934124249544
-0.21897369209639042
-0.32229702658804504
-0.10324485431093865
-0.04771559887297349
0.10676812304767797
0.09725236855935772
-0.08604316186267649
-0.22495332711372815
-0.20436994212401485
-0.30034802272606365
-0.10056280966264507
-0.07180614767373504
0.07531894850548952
0.05632960483238368
-0.12344697956935138
-0.2454108374258507
-0.16567539760196115
-0.25294564694460375
-0.14013643794978897
-0.09228170773762549
0.02242173478808918
-0.0011711909878809972
-0.1332390691243278
-0.19655217549505657
-0.12107646750633583
-0.13153886499045553
-0.07592839586750566
-0.032938547494955076
0.024914381196894462
0.02528673490548944
-0.0759673587681415
-0.11532444732863098
-0.07459854138623433
-0.059850083723922115
-0.05518885042348496
-0.0020002046961731267
0.06055774222495554
0.08289342162714801
-0.005677560513252061
-0.05213103279356802
-0.029837904686807547
-0.006905191504204471
-0.004403643397136436
0.04012198064435986
0.09214911228854716
0.11640972784447204
0.015785240838343713
-0.022796918064867756
-0.01275823820931859
-0.002264882949374861
0.0037858431729072633
0.037286546204471936
0.07632978473130687
0.13650522435002926
0.06581043129328591
0.016866009137924864
-0.0013944559967120165
-0.009863946987607834
-0.009746779778161912
-0.024221574120632545
-0.03425261088399122
-0.055493733300077376
-0.047394316378854086
-0.04674550527244927
-0.03420216375625066
-0.016276546497526672
-0.01602278795353931
-0.03431513349602083
-0.03307937042743847
-0.053148975997057944
-0.039478684479999714
-0.04157459246630136
-0.03937876285595831
-0.02332112204023886
-0.019796485814813553
-0.03642158961809205
-0.031968980847098406
-0.06528990309788173
-0.04773446510252183
-0.04197532328649246
-0.0385241960072526
-0.026691499728376943
-0.021567884283361653
-0.038032368276468685
-0.04807973846322236
-0.07271089379811099
-0.03797393666839151
-0.02927148481396414
-0.032039201241541415
-0.009786053909206985
-0.02064604806089912
-0.05528579262116715
-0.06908846109380788
-0.05709321439951199
-0.016949164462462064
-0.0047330649578576
-0.01163623524682062
0.033178433670145356
-0.011046289477628632
0.002051723130576754
0.015399006433171858
0.0027146983022374033
0.0359215505246156
0.038632013332123204
0.02114955777927358
0.08626991654746781
0.03683914671822993
0.08480380418202778
0.08556231614239942
0.07069027185179222
0.10176951526573415
0.0832939052839087
0.07367012854470009
0.07599617373585747
0.06628148623631328
0.06220785675033231
0.0969835322206116
0.10397461746609934
0.06755539400578617
0.05615410463060897
0.11945153198872892
0.07085995691698943
0.07481896959691502
0.022637232887358562
0.08937767827280743
0.0829912852156307
0.013514558017281722
0.019475807075474416
0.1436199179764317
0.04877603738559568
0.03251644319676663
-0.018590355706369584
0.030611150078042278
0.025445774401490096
-0.034115404142975224
-0.0290719393297725
0.12741527223044827
-0.001457123579897777
-0.034046143595442446
-0.050127539147961135
-0.027876965745323976
-0.042457254304003204
-0.06832541423290231
-0.04408859812528978
0.0659204555842632
-0.04719502772756592
-0.053607160740425285
-0.059281076034110834
-0.06689998119906014
-0.06899317081094127
-0.07046838473104505
-0.04102817681236232
0.006386738109042046
-0.06791768070390246
-0.04839705105862136
-0.03872600582865772
-0.04766632293293483
-0.0532447013734512
-0.049404731007298
-0.032538025653473926
-0.01713016514539544
-0.06693202377662086
-0.05117464643155717
-0.030171689899667672
-0.03928804137622641
-0.049273135486294355
-0.03074365083974053
-0.0203552569410985
-0.01611131667996134
-0.04908671994077681
-0.0440806420904842
-0.031143581675092874
-0.04170642257608886
-0.04238209493393416
-0.02057139384811052
-0.014756382973908317
-0.01143595196677057
-0.028293912620577816
-0.04318169730422092
-0.04260919033501888
-0.04126156206042388
-0.0388548127312549
-0.023968188489808077
-0.015460481672018246
-0.009902728897483977
-0.042508125623351295
-0.08266732456105476
-0.1456943446942092
-0.17005991840812457
-0.18096735741164963
-0.17289844548629899
-0.09142966551226657
-0.0448103202111489
-0.07087782927973282
-0.10562053582606164
-0.15251810718859712
-0.13125384001923615
-0.14910027855238875
-0.1674484090260036
-0.08658772062605304
-0.0641764755006122
-0.09728309107494526
-0.16696502292087173
-0.1677384843314805
-0.08813921636033809
-0.1108228504020907
-0.12941693329423468
-0.08294379717417995
-0.08226394508426552
-0.15096051731666923
-0.21550333785436943
-0.17513852305036537
-0.11679572368156628
-0.15298092819416872
-0.17034495686260248
-0.1206792123776568
-0.10409679393421888
-0.15933421544662116
-0.2214608142527723
-0.16332433433962942
-0.04457419279292438
-0.06504824565847313
-0.12793071234504083
-0.12068974110869622
-0.1351742826975276
-0.15290700798043286
-0.24962579579488448
-0.15454321258206039
-0.06840959271247077
-0.07428819906457396
-0.10406748898990854
-0.17765513221778848
-0.15854138924722022
-0.13059641215035278
-0.2051502236356949
-0.03645248967153585
-0.05449268014687159
-0.10050320936563194
-0.21427460153390981
-0.15321946747389412
-0.1096070737736449
-0.1025362109993932
-0.053101264016256304
0.038972993361122185
-0.16700261149844947
-0.2630430707268094
-0.2959879493107012
-0.08271969480097557
-0.0499315713494944
-0.09565069093022993
0.004429484213007013
-0.0643625186406187
-0.31750401453451865
-0.3897628740277515
-0.2787505790384774
-0.11161443906070659
-0.04020951681839166
-0.08996101575126404
-0.0735352185588562
-0.20373832381541415
-0.3487372370891893
-0.32262214926115224
-0.16435217440440228
-0.15839588423107043
-0.06126568593058124
-0.09759314455842702
-0.2206398419521759
-0.3245744809530617
-0.31237054772934536
-0.2586934950346376
-0.2057834819235641
-0.23568685555316124
-0.09459525574033689
0.0025195503512536114
-0.2002891569709836
-0.32849420513884814
-0.23923098872188955
-0.18239070695777299
-0.13377241773729864
-0.16018147933050336
-0.04449646364246638
-0.009406354316575124
-0.17364277613437576
-0.2763824576062205
-0.18868384974686098
-0.15528373134951348
-0.15323657873053706
-0.19325098697954035
-0.11665389922201601
-0.03705289096861846
-0.15836498908494878
-0.21787868482271405
-0.15048355314860143
-0.13170781242793822
-0.1388643604068167
-0.14488679181438105
-0.09435697574933588
-0.04671069224298521
-0.14855746852835505
-0.18198274916683724
-0.13089745667904143
-0.15257396490121655
-0.1736669539254762
-0.1411024324015054
-0.07699011129745453
-0.0407617647942169
-0.12495733351314059
-0.2066852817115838
-0.20706906577373135
-0.22058288843650997
-0.19134183159020132
-0.11411527565043111
-0.04016968382841235
0.002741895426082676
0.005111699078863582
0.005038790362111213
0.008429456624588445
0.0015331214094733933
-0.013047846792691416
-0.002567196052067608
-0.0006961549523495019
0.004831564543088092
0.01563677209806509
0.04005055507721692
0.05106692045452345
0.04585922109894636
0.026231856824944916
0.018609548452470308
0.006704046557835038
0.023436027073708905
0.0603262602574792
0.0957931930233075
0.11445104662557455
0.12040123910204538
0.1075009732307147
0.07124584448748196
0.03715494497415093
0.06067730689530967
0.12609399356619963
0.16717772058737945
0.16983608849847168
0.18024115926397977
0.17399002346281148
0.1487055956973443
0.10582157668302591
0.12458375144567942
0.21526380479888904
0.2338245852255261
0.20789888717602054
0.19519106257498492
0.20639686224940068
0.22343224286751778
0.23591585062191245
0.21549298135787232
0.2600975638214167
0.18515670726252717
0.12368173721921537
0.08613129556643374
0.123667621378738
0.20466941435280667
0.36409974476620477
0.3219861914213966
0.22475186592931545
0.0768753252503955
0.021514782439360704
-0.015057255196863052
0.021341953947020417
0.12924271260813466
0.45967752221319463
0.41016741203207036
0.11658126920974955
-0.005727421916891853
-0.03541482094972974
-0.03361733838033137
-0.008050459424474401
0.04661445904676399
0.4926166130330276
0.4534146411531376
0.052145697956309536
-0.023530941439537302
-0.04175349234060663
-0.01896035666029467
-0.0034177929478439455
0.06647184133182173
0.4915796246570647
0.4626074393204057
0.03892169158216199
-0.02884106004391061
-0.029865569910551996
0.0012232731422291772
0.04381952421344506
0.16708588947447864
0.43461242732285854
0.4418534630235569
0.09746000184628059
0.023195970940763234
0.025777034956170817
0.0702733093576519
0.15472520037758258
0.25944328792592336
0.31280087041015764
0.3546856428637343
0.16182405837500602
0.10829298234994332
0.13001921262856148
0.18086895968672934
0.237187642689386
0.24332753825882317
0.16268867957292277
0.22500516984838673
0.16815780400787408
0.14296614585532402
0.15969378726693245
0.18626002942014433
0.18723707430783884
0.1484782496678765
0.062381109480409605
0.10696253235554928
0.11075853347450602
0.10898918164932582
0.12483227965143151
0.12340737090661218
0.10737951158844998
0.06547243113870181
0.012885473784312906
0.03525352021157136
0.04647918972507174
0.039705057363874224
0.055960235557227414
0.06382719816187182
0.055434016288036805
0.020589674531169392
0.0004847710499147039
0.0056095283060305975
0.02187817213399058
0.023054425765313538
0.03630659750191372
0.03238047630785473
0.015180367972511903
0.0005271294101333027
-0.004944745468698476
0.0063271375424990214
0.03522076745545881
0.0738531431654028
0.07566203616855319
0.08965134905220151
0.10212445951752243
0.05315742272750538
0.007831102563502295
0.025133186085110025
0.05020175644572858
0.07418566944593342
0.02778790939486103
0.024737782985158902
0.07541105988377164
0.08418962920111675
0.030636605884607336
0.037854017205038254
0.05312377188763652
0.06613660401670059
0.003708755219640016
0.0009784755829805722
0.03759569284972201
0.0814964192764882
0.05221654519162162
0.033871363650245484
0.0506546736946764
0.05486909801384606
-0.02041598914264283
-0.02327661426681902
0.009817935584720197
0.06483906747905789
0.05690788241501536
0.010291401894060177
0.03508694600844247
0.043270524107484366
-0.03468783945722422
-0.036089648048011624
0.008656365303173092
0.05256505622985609
0.05046211945982234
-0.015324787472892685
0.03503682191575304
0.05005803451662136
-0.004191613567241729
-0.007379976553179923
0.0353709997989982
0.04118858116355847
0.03421116017356401
-0.01699967357039513
0.048659933663212473
0.0618170539257821
0.018153446899071356
-0.004324630193984489
0.04058421156143374
0.023958013078808856
0.00394016339074857
-0.02687896720984639
0.04232350729710887
0.06538989741325467
0.022883073845233755
-0.007382193892723024
0.019881055818240567
0.0010872101698395477
-0.023705125770524922
-0.028858695190831406
0.04504752845931162
0.057968397771133905
0.012473495094977399
-0.027389243174927476
-0.00965493091945458
-0.025228168566606427
-0.04730708761343759
-0.03247714701779153
0.04429637091766795
0.06170075122711631
0.010256977823287475
-0.03437758652341914
-0.02597630884000663
-0.035823065501286944
-0.05201533303754191
-0.023354009634366034
0.03320177834858749
0.04621558026076557
-0.011161987500060871
-0.05895113866230372
-0.03659596048979189
-0.04874358566428703
-0.05431782488583756
-0.009673597239621395
0.0335151769194575
0.04955189138373097
-0.01657533024423175
-0.06826682849926717
-0.04885348717605327
-0.05972514716650367
-0.04981215012854587
-0.002973832925633571
0.01650649770299382
0.025883806798891247
-0.030102865552064883
-0.05210900153313402
-0.0378462990676975
-0.04420614326567311
-0.027360579722004667
0.018575368963022917
0.030824470386112558
0.032254704979142255
-0.02105981377292942
-0.037181202489950514
-0.0315022822589984
-0.0327287767396179
-0.020077631242186592
0.022588845337491323
0.02495670467243797
0.033481767395243826
-0.012872636717518794
-0.037575242337524
-0.015884006696244672
-0.027812395051747096
-0.016221069035280034
0.018856881420561723
0.01931994967525118
0.036085802495537056
0.0006784474962728424
-0.03570075216368873
-0.021392878261880383
-0.024685743434744254
-0.0096079740016254
-0.007000104633453695
-0.0074318849900889
-0.015196916148467767
-0.03849424002216881
-0.042909967411339275
-0.0497348481965916
-0.03889219428610533
-0.017508276410183415
-0.012532354876785695
-0.01112519027686086
-0.018329175697078193
-0.03520790588732161
-0.03782822578582348
-0.049268882100735434
-0.055565586937205674
-0.04020615028493142
-0.012649647327792356
-0.02553186751202211
-0.06319565826060232
-0.08058404134594024
-0.05672428392673509
-0.05815030421834592
-0.06628730121563528
-0.0702294202186101
-0.03089909659409476
-0.05802413978041603
-0.09589662997718851
-0.11865792435989266
-0.09758095274127948
-0.11237292866926786
-0.11258569526042506
-0.09185010813419238
-0.04799919251698043
-0.07539339592911741
-0.09394019288791745
-0.09580088491316546
-0.07774095542820358
-0.09374854270593456
-0.10046381800755692
-0.10382223989841714
-0.08097281527823653
-0.09967254078376774
-0.1017399736510044
-0.08551892868329147
-0.10029641310737811
-0.08955670612180067
-0.08123972829121352
-0.10467234294034253
-0.11858297316624364
-0.1109635554635803
-0.11852785785186244
-0.12226211304772386
-0.12270761214535514
-0.07428921933828048
-0.06580020288620911
-0.09299771574666157
-0.1470615158297247
-0.11939204587322956
-0.13861984654103368
-0.1270685864929472
-0.08486467430610611
-0.04960124791994205
-0.04211366309602615
-0.07817864598298031
-0.17829083501367426
-0.14146446380815064
-0.14229171709655714
-0.11359858237249006
-0.05219214358542658
-0.03704432629339248
-0.03173868244450937
-0.08003801745269168
-0.19607396157537718
-0.13707576478303893
-0.1164697222107408
-0.07999173996237849
-0.02800637844354332
-0.017657695042993804
-0.02108032537639298
-0.07901372064776091
-0.20633179484505876
-0.13180659601779068
-0.08196870730243744
-0.08724743450114852
-0.0361785562131869
-0.020468589177809745
-0.027157456139117853
-0.07919373502717593
-0.19138072701605768
-0.14824547954508147
-0.11026780729936732
-0.11611822404049513
-0.0695162391547561
-0.04206217487419341
-0.04985135473100988
-0.08889524908839576
-0.1428626816974828
-0.13326798513225918
-0.1505676108494773
-0.1472201367425265
-0.09212694406496302
-0.062370871957736974
-0.08717915301294285
-0.07186722033359845
-0.09615755524664474
-0.07399277470759984
-0.11033750521090357
-0.12917533255449834
-0.0962031476806909
-0.08030926429392425
-0.06704349961230902
-0.032559078817383465
-0.05868115063949187
-0.05943971681656964
-0.07908724775501631
-0.07921661652846453
-0.0284447051587648
-0.017731986658376043
-0.0091658346817978
-0.007922086304048854
-0.02738268946428654
-0.03978857678932093
-0.05040128208525818
-0.05900536972399395
-0.020613141817029848
-0.005571066322675351
0.0018595804756290637
-0.00453480235352919
0.0023584398990135493
-0.015683211467085678
-0.03493485782309833
-0.008315854085264996
0.008240667744702276
0.018196572801790795
0.0290176890778237
0.03213833926384342
0.005084117580778607
-0.010341437799427616
-0.0352160554357462
-0.009468345274086642
0.00802420757225728
0.010713794580873945
0.003141743033856897
0.01497755248164206
0.015517125142965415
-0.0051342757528686596
-0.04036473874704836
-0.02674874012395232
-0.014621929874389348
-0.01027640843355234
-0.0021088219378081795
0.028015828867093032
0.041965475619839834
0.025047647172581525
-0.017024373345610362
-0.004636473984343381
0.013358073505119961
0.017059247108837283
0.006393435394777984
0.034543610675556245
0.09427589645164786
0.04508933817034859
0.009037086710408274
0.029634543140571065
0.043275385154643464
0.047499074774465765
0.02284096849051471
0.03420027327564504
0.12656770205872037
0.06835540514532565
0.04016970120267258
0.029961929196938932
0.026921415434750427
0.0075446018656166415
-0.021568281371592748
-0.007763726412859242
0.12947971781637266
0.07204288660888962
0.03670626795896973
0.0013256191498673138
-0.01131594699725182
-0.03207691439701066
-0.07648225382988873
-0.051194251354054164
0.1047602173206432
0.0859947551663391
0.047581616280217946
-0.016491633894197492
-0.034836790544221806
-0.060952490159026894
-0.08114710586278756
-0.06580783118413809
0.09592291811173788
0.13703705116148102
0.09221161167743676
-0.011728227908910961
-0.04025856328643872
-0.05359021962731722
-0.05934538781665006
-0.0689705235160672
0.07737023518126385
0.13888128288422208
0.08740385695332584
-0.01083182516284442
-0.04049858075576236
-0.05470746469346639
-0.052504424527730284
-0.0740637576799664
0.07612813768406418
0.12521389615210146
0.06945909033790476
-0.005023786176281845
-0.02603282698955553
-0.03834226956224495
-0.045019571298998966
-0.07600053699888132
0.05860930796712867
0.09976750833322671
0.05775111718310922
0.002510372774177019
-0.031074414477109215
-0.03626386655433338
-0.03907393903494211
-0.08111881204677966
0.04143324279907743
0.056519770309993826
0.018500622197474236
-0.011737990612975448
-0.0398887694403933
-0.053376393804201276
-0.05207736596727038
-0.08126752819892262
0.011294943303476688
0.007143566742092781
-0.003231068551259949
-0.012983459207363659
-0.03903518091485869
-0.04692054880586506
-0.05315724785512611
-0.06447670084963822
0.00946287106086688
-0.006293922249254441
-0.024130983993786135
-0.03599726343052178
-0.06069847327826771
-0.06529926213841501
-0.06209883241384669
-0.03732242705505442
0.0030111350415847464
-0.0047575628904176085
-0.027534719397170598
-0.04481743304684988
-0.06294439534534305
-0.06404909793384166
-0.04126641494140306
-0.013975336692196047
-0.0037992734572073086
0.0013497780282793151
-0.0023088279686205365
-0.01947305691879567
0.0003922246375022223
0.011737832751313546
0.006796360690702145
0.002791327351621127
-0.004759456818268633
-7.007606759867351e-05
0.004401030855766292
-0.014417806304261135
-0.004044010675130428
0.006525663391160589
9.285240816854193e-05
-0.003581905159989761
-0.0048178782834659905
0.01135917741454339
0.02254132093103238
-0.022842593659297517
-0.019328198987327034
-0.01740687877073259
-0.02477035234658075
-0.022289078882944444
0.003473430256375641
0.01661743412286262
0.0043375629034918045
-0.05578811568598241
-0.01722503247866484
-0.00040399645739425837
-0.020470973452566307
-0.03816080161508345
0.008073598074908771
-0.004537366934894464
-0.037607247773630045
-0.0714256446297717
-0.03580591122069529
-0.022057006799753955
-0.04390353600741416
-0.05801486206567649
-0.03269963255917899
-0.0488376325279784
-0.03588760515654975
-0.06500397195051513
-0.05249680624483958
-0.027655340118724146
-0.03737269012236564
-0.07289582214559256
-0.08800730809524952
-0.04664221873487939
0.018453238606511026
-0.02953364809206141
-0.01948215524880647
-0.01514259138738376
-0.029442186739264013
-0.07577943138354698
-0.15616375759897788
-0.04451056806153924
0.034653369105011905
0.015679708217930056
0.01213541430137351
0.008878236477480922
-0.012873618129668382
-0.06507042951033343
-0.19494477082278902
-0.060032795351902785
-0.016774273248813483
-0.02076678525513263
0.03132029534739609
0.051925304831611285
0.03645573640323085
-0.013710084685823364
-0.19981240012650886
-0.07787786874878617
-0.0486719819028974
-0.05641911767783112
-0.009322277141254477
0.030423995888706878
0.03627727424209683
0.025990592971281423
-0.1802020446068256
-0.07945215026402482
-0.045417377772605266
-0.07042647002233281
-0.03905802762914958
0.007283944236159284
0.018316746637500506
0.03892892765426145
-0.12902293862098693
-0.0843666485602157
-0.040690273443151875
-0.05346157348103554
-0.032013787394138106
0.003691222594358166
0.008005876787971681
0.025127141314839938
-0.05028845689170107
-0.04498300826195886
-0.009326856793195788
-0.0391157583312842
-0.05506522060780214
-0.012548494269729532
0.01038495941167767
0.02599785598545881
-0.014463541037917126
-0.022412972467600715
-0.0074364837774042155
-0.036251207959898495
-0.04672410986231805
0.01805279773957997
0.02064070042493679
0.009737852568233807
0.002242834797243651
0.004950863733136614
0.001079903445382022
-0.017892419279722915
-0.026444660484286474
0.016231017073652078
0.009937227194621614
0.005339541267802481
0.013137233804665707
0.01769248722910654
0.01469465925117641
-0.003975234057177989
-0.025832685443414535
0.0032128446047231104
0.003705701881098129
-0.001196750675950215
-0.007982010842318076
-0.00411567719559508
-0.00023236753363161246
0.011172244818964115
0.0072086437074637974
0.0018707653195989648
0.0065632618931125925
0.006824382991406397
-0.012297516639934739
-0.008208871258223283
0.009916634085889825
0.027643528562619805
0.02193483834968063
0.007361990733508214
0.0007713860352389163
-0.003006248431500863
-0.0162334752425621
-0.010216143917238747
0.012824766163778596
0.03371662956463255
0.02467931755198706
0.011010686179623672
-0.002035299127651472
-0.012245357922427506
-0.021772630148395037
-0.007596980742552162
0.01933201692739531
0.03868192837791145
0.025882941169009355
0.019129867186642235
0.001864868975513213
-0.014092979374218502
-0.02459878595176436
-0.004775832242999699
0.01723752837013451
0.047525719494571426
0.040587034650672496
0.03662587350393234
0.004263544633591056
-0.010078613049306925
-0.013050143267282353
0.006555239889085076
0.023513526764360054
0.07466501698641363
0.08023832445038658
0.03957887599197001
0.006345032764112981
0.006283654858484914
0.007522466654742732
0.021392948807256618
0.036017773210689746
0.0848503982633227
0.09529462146854831
0.06418751335411807
0.019089477085652236
0.019056998270453155
0.011626386863727012
0.014394341601679532
0.033324691479963864
0.07566681358176687
0.09020605721119697
0.057683464640575506
0.007031143728218096
0.012122949343311717
0.013133846540482209
0.03164418040212824
0.03717912802253353
0.08290691108675026
0.10341557975299032
0.06575346501434844
0.014558605899135877
0.0032313904800327898
-0.014360101135945916
0.0010931044320028527
0.012584819653137912
0.06549948735055704
0.08743650611614079
0.02884639538274338
-0.015991831103365845
-0.029377494226098956
-0.03396716269979857
-0.0397288877155521
-0.015063426772112148
0.04695571821589511
0.07661144082297747
0.021719043656011756
-0.014591546004406946
-0.04570149631058967
-0.03504360317893729
-0.05202219899077138
-0.013114443809688925
0.0409479815566824
0.07212770091398313
0.010776547653663275
-0.0169231508860155
-0.04581875010003374
-0.03685177561233722
-0.05034120393395137
-0.020532378217713722
0.030991788098743474
0.06496961289879528
0.012762478752457127
-0.006053433566319816
-0.024914879469219962
-0.03505668592369112
-0.03594574691031838
-0.013674034476410747
0.024440170342621765
0.04352580046861559
0.00703521371652852
-0.006148674414343256
-0.008231019669236478
-0.02800639152590303
-0.035221518535403985
-0.015926240644769902
0.009661317025194318
0.028054351361169395
0.008678770911766227
0.003078732968448345
0.0021564210136618992
-0.011493748050969076
-0.027343924522748534
-0.023240436473364018
-0.0046180899305796426
0.019537958149805686
0.01590229457383786
0.01045553829972024
0.001954631553587947
-0.006330296241610179
-0.01606406206038151
-0.04053532291082605
-0.08968144213094377
-0.0855371630896837
-0.049610633702381675
-0.02874661023522927
-0.014012752980686473
-0.003840589653218853
-0.025117121898264358
-0.055721554410663336
-0.09298985243544258
-0.07712931733617062
-0.057423192955563473
-0.03414299554208721
-0.014964427849721998
0.019465864945221196
-0.027052602776949715
-0.06823054344339755
-0.11627176382860913
-0.097350460241356
-0.0695537235757191
-0.04088154704772925
0.001772838963381192
0.057442678037692395
-0.05156941932666113
-0.08728859247583856
-0.11383347947036755
-0.07378513273020858
-0.0345054451624157
-0.009604577768253726
0.029207479819546328
0.09715558429451256
-0.1004002065073887
-0.11691891113739418
-0.12331742939413064
-0.07757008223613623
-0.005797932403973651
0.02205851494082295
0.05654855373567304
0.11026077729179752
-0.0754462342823353
-0.05101686570837011
-0.05949439860309654
-0.05600338666219629
0.021371213304664356
0.047134141832030706
0.0755819069147947
0.10853727100506805
-0.038401776786580084
-0.0503799764690763
-0.0692903661825303
-0.07003007737946579
0.0248819194476091
0.06449503424120448
0.08349328347097182
0.1071527615257258
-0.005619947777230942
-0.049468492813441185
-0.06413424353744043
-0.05196906460482757
0.0665539748813778
0.09019086423754309
0.0841874675965029
0.09875693060764282
0.0012362023608498722
-0.05925023338199873
-0.04437995420703356
-0.021907457981882185
0.09370524122527685
0.11918261592985335
0.0744721238883202
0.0851730361857719
0.05400392387797566
-0.009119415997934649
-0.01018576267632217
-0.0032333772432731867
0.11029599028653762
0.14396787104276326
0.07352326334119029
0.05621911554297628
0.07236214919671735
0.05541928458084734
0.04227571718360101
-0.005266467023336885
0.07020617177068914
0.10327457620100393
0.07001047630381797
0.021980575217878558
0.035930820821711215
0.030589881803571226
-0.013949128615949925
-0.06255691178113695
-0.009288520761088956
0.033749042094885266
0.062051340303957196
0.0008608312638867842
0.005758349401261938
0.0025215386110434765
-0.03791804949587294
-0.0591927559315462
0.00492480391876508
0.031547882280661736
0.048523030814500004
-0.015300439944646771
-0.01675147355916436
-0.024549790596799143
-0.04530042290827547
-0.07377562237067815
-0.017462286032852874
-0.007645813701769151
0.0023677664499355353
-0.016291954168993927
-0.026048119209947315
-0.040866182386581316
-0.059142426251903184
-0.09584538063042494
-0.03538362315342611
-0.02165405955321998
-0.008985201467429283
-0.010798378630325562
-0.01998062324675253
-0.030129625149066086
-0.05303913431668869
-0.08282999457105461
-0.02641988383573806
-0.01556622889760547
-0.009719754671310627
-0.0016697273761627101
-0.008120470193973106
-0.019711134154371802
-0.024119967851498683
-0.028433890625646184
-0.023297334345388974
-0.01284896587837596
-0.0006220805330139187
0.002703071279286272
-0.010159430112544868
-0.021557603954326557
-0.024236073276874402
-0.030348245427040215
-0.026152179520851495
-0.02056661586882557
0.005485373719906454
0.0072112861991231415
-0.010490979855454035
-0.034195946287218365
-0.05199750796792756
-0.05827179096496996
-0.0541654932486854
-0.03034533144935187
0.010904114013424766
0.0029975731432770906
-0.018805507041823946
-0.06022543826880265
-0.06288997168012454
-0.05296025776149726
-0.050290135333438485
-0.01611259277023667
0.01030496852514178
-0.014476436081129045
-0.05758173351038463
-0.08790000400327669
-0.06771784143383237
-0.08196582090215013
-0.07586235665943217
-0.01693886834000372
-0.008865216929671378
-0.05126159784622482
-0.06709560368661541
-0.055256770830433226
-0.04293305203246444
-0.08433921923671345
-0.05824144127346239
-0.006474785908562514
-0.03317555177244882
-0.08038007282037389
-0.026022852072862302
-0.04161354968274912
-0.049760380375703746
-0.0768289072856864
-0.03430555236784895
-0.007616864236169704
-0.05285469475036084
-0.10428819964828444
-0.005008486090048028
-0.04215419402317048
-0.04531107633326564
-0.055586185200513116
-0.025387591100486252
-0.025414738335705095
-0.065635364372243
-0.12189449224376162
-0.009020007003067269
-0.025346304290796363
-0.028014112312788716
-0.049098975619765416
-0.03675874868834579
-0.03859511492922058
-0.07929733550346296
-0.12816848166035422
-0.02954027216232793
-0.017145448217876152
-0.016756679634459846
-0.04363607203693048
-0.044485911547401655
-0.04203301078169129
-0.08576320081306216
-0.11973766250577642
-0.07907373880543041
-0.03422222776717883
-0.026037710743825222
-0.038249125379615424
-0.0354853781989687
-0.060366316455505956
-0.09633161363027928
-0.09527885167314847
-0.0828742885378233
-0.03584671418428022
-0.034242786257781634
-0.02304184333235276
-0.02960159758724924
-0.05385031798825358
-0.08147405118410946
-0.07316803467127782
-0.06857829526606442
-0.03456134967849395
-0.030270463936664636
-0.013015023956560132
-0.024486957913411204
-0.039800495515938054
-0.05415738713627457
-0.04605179483884435
-0.041171329127414634
-0.023344746877514873
-0.014263220455967536
-0.009916169515259744
-0.025292647973975367
-0.03022712362370648
-0.02487157739880738
-0.036668920741120443
-0.033578864161816276
-0.020840848886836735
-0.014782198542343894
-0.017044659151683277
-0.02339036132704284
-0.01598860416973253
-0.010475466648581132
-0.023827195475182528
-0.03184868198920479
-0.028692918467875368
-0.02523119125407078
-0.0174524548566497
-0.014707243362170939
-0.01069089756039646
-0.005289680757361386
-0.00262308748853886
-0.005156470505036936
-0.007855947222323485
-0.01340126514949047
-0.014290991114987734
-0.013444416506827386
-0.011896180315545693
-0.007577172599531062
-0.004888400345901566
-0.007754955518294504
-0.011751119228756069
-0.012529907721768917
-0.013120188806650583
-0.010737096831164446
-0.009939274865837061
-0.006143927149676434
-0.007770850663532192
-0.011609774783531613
-0.015564774719143208
-0.016277856667196583
-0.021065386035826406
-0.014145690600893625
-0.013202951747182837
-0.006265132256899666
-0.008918956521859051
-0.01731496800114004
-0.024837803467251934
-0.024113039253083623
-0.032677158960035715
-0.022729078169918863
-0.01868288642667517
-0.005173786998051485
-0.00491623769193975
-0.029597839192708468
-0.03310824151208148
-0.033683226929515704
-0.03443857159976086
-0.017863924102739567
-0.010582472686261554
0.015293180679137207
0.010568348893690143
-0.03945300563419982
-0.02758090039931112
-0.02648861561824732
-0.01971814608318653
-0.0162716522725431
-0.0021431957003703044
0.040784726567182544
0.01740095274879099
-0.03859746004191474
-0.010851134272509319
-0.0006866796652126067
-0.005740779094623531
-0.012334044137525063
-0.00029558556936243644
0.05297587420265928
0.022662624314296796
-0.020147632817753412
0.004350896584929871
0.022036108111578575
0.006678876412589422
-0.008079206925852228
-0.00045463644469972893
0.04900545650180039
0.020701786088004534
-0.012628964367815245
0.013540491654034176
0.025617645661681312
0.012035947778478008
-0.0019962771730075986
0.010075845875783031
0.04200825145051831
0.014373649792027429
0.007424903296828244
0.030512428223778074
0.017954727544006337
0.017309575159418885
0.017606926391789963
0.02477376123402838
0.027441296186620952
0.002213303909510927
0.013228701426476686
0.01176808566282662
-0.0025114588657448294
0.010521129621981923
0.019401669443264383
0.015241630751139528
0.0025539642740405977
-0.013351276450526174
0.00013395289663695097
-0.011815275034048675
-0.014020915551242746
-0.008438629884162505
-0.007261949962428799
-0.00883889706311056
-0.011855103071908284
-0.023467888346963752
-0.019070619517136927
-0.0235598940299935
-0.025269009338770246
-0.02446147434326474
-0.020640074236638682
-0.020309923698751974
-0.014275032897281544
-0.01770845430257119
-0.019914245219582717
-0.018763739630590782
-0.017693789271929595
-0.01885758728288716
-0.011396167934440263
-0.012505277061711478
-0.008861942525232015
-0.010490149839585631
-0.012328876036630403
-0.012334340232005555
-0.012319844519535331
-0.013772426796328802
-0.008834169031419049
-0.007478618994594849
-0.004252637941996181
-0.006280699770161612
-0.008646967877004558
-0.010355364276339233
-0.013387965027618591
-0.013688130878659038
-0.008617364055282475
-0.006301320133787786
-0.004070320852870585
-0.006592921538611837
-0.013193868313214091
-0.031855251985796994
-0.04115018274550083
-0.04246269560127575
-0.03398055410539686
-0.017671861715448996
-0.006491414583223715
-0.008092538112017569
-0.020332398702342536
-0.027054562094825273
-0.027795422448934504
-0.02293945900832042
-0.01960596113130405
-0.010198057866314232
-0.0035921392094053414
-0.009286968751440028
-0.021792508776542582
-0.02542735059390403
-0.02375676690335066
-0.02067218723074148
-0.016618279998157553
-0.0040979335151331165
0.0005622202895104875
-0.007834126726339583
-0.02025312031562887
-0.025473400505338098
-0.01868379615212623
-0.02010936021128151
-0.014689518864572504
0.004255253856462684
0.0036848671304618064
-0.012184098589021258
-0.021454575596373843
-0.01891921374852193
-0.01827875276637113
-0.01993741497298882
-0.011786457945317743
0.000552684072787754
-0.003689658965818528
-0.03439908929330157
-0.01336222260214166
-0.005578777204707116
-0.025007697751035257
-0.015299710061435155
-0.011002842921444014
-0.023089905257231858
-0.018297460185601817
-0.052954188516127675
-0.007644672918209619
-0.01064615447973159
-0.01570301231320723
-0.006954219705053574
-0.019786765382265654
-0.03958503663355721
-0.02670390134843538
-0.0678641855322818
-0.015504365574608778
-0.004607311412756677
0.014431139338135253
0.009140493427136687
-0.022699997078734744
-0.04352571037634154
-0.03320816883788956
-0.0682139280315308
-0.020941689106121493
-3.36726663225932e-05
0.01564295424784088
0.008005639429738835
-0.02042101235775878
-0.03400169327924012
-0.0385723232649087
-0.05736583568257879
-0.016277718477565355
0.0009725080127245249
-0.010042085820821623
0.00010770312977633712
-0.006371936266950194
-0.019284752252445823
-0.04260970244441699
-0.03478383424738237
0.0005733172009398854
-0.01245706341447193
-0.025157487036856326
-0.007518049390185997
0.0015812138545733996
-0.0004394175954684493
-0.03251815169998619
-0.019418593956314786
0.004296531276962482
-0.01356736403848065
-0.017569857776952327
-0.007516640948412798
-0.007872505176002362
-0.00612197815823657
-0.025192441094743456
-0.008722558163640754
-0.0015916150487479462
-0.017916053719370332
-0.019714429951029573
-0.014106806398150745
-0.01893527226197757
-0.01809732691495324
-0.024126888088513675
-0.008781320233560324
-0.009040735281636377
-0.021629257365725355
-0.02781916036467096
-0.015849171407822427
-0.0202514615238149
-0.017201544054042603
-0.018324847899692114
-0.010525798845361204
-0.012167299837804953
-0.020204238783987458
-0.031288248799245987
-0.021793480652839137
-0.029395346770307963
-0.024022470501618945
-0.015156313283488345
-0.009678382545293877
-0.01389367112682054
-0.02268606441628453
-0.03624271484200709
-0.03936991102773356
-0.039445144150751996
-0.020019179334886658
-0.012472607439656
0.025150700957235803
0.027409259422651162
0.006276291430365722
-0.013680762862958664
-0.013193331347831587
0.012771112378641246
0.036287820772460275
0.037661551063864644
0.032497147933358846
0.04538130190694722
0.024884790630558984
-0.0016035025819767146
-0.0006224972368388899
0.028791233078808955
0.049056430933475136
0.05285818314853673
0.02968325665167737
0.04229350851274856
0.03479445807826566
0.009909697015955867
0.009404583037668932
0.04399650513814148
0.06498426144486087
0.05529419423992491
0.02627320366505351
0.03136522294249186
0.03177292029901254
0.029812143400866863
0.033312985599670955
0.062241923430756
0.07490207440913263
0.045367781791727284
0.015537135287496477
0.01922676128797758
0.02785469384861522
0.031854982152092336
0.049848950065947355
0.08286583857018359
0.07085153192734264
0.028743512819126363
-0.00042962382397274763
0.009126157733807988
0.01903066459163046
0.029990100837254032
0.06071532260477078
0.08739139149786872
0.05532338942374271
0.020813016608761444
-0.016096634323357523
-0.00824414454067602
-0.0005911995502963121
0.019399841718520376
0.06662368549581836
0.07420937435770965
0.043333938528790486
0.01776263806671772
-0.02482158007110802
-0.012382664683048092
-0.012634326488118443
0.007514436750790588
0.056901042182816816
0.04655541086078147
0.03589778869058133
0.011145774118681288
-0.0265748090957706
-0.0089216075283521
-0.001222646455169085
0.006663228775481857
0.031264726086812605
0.0284974533889773
0.02002766246892783
0.0033655314259441174
-0.022980817005703924
-0.002005113306588323
0.021272482307696648
0.009671180767426747
0.018273414254484612
0.01734178124048149
0.016941322790570812
0.0032931732777156594
-0.010833553621759468
0.018641930812245352
0.0354334161027853
-0.0023656930726327634
-0.0013023712540111035
0.009807861671042868
0.015008969023894326
0.007538429750919008
0.0005903256358187821
0.027593729025110602
0.028307200778963048
-0.001796004616042334
-0.013494259688556488
0.003100211395167619
0.01593076971315528
0.010389968574957668
0.02577656568970398
0.03317153638761131
0.023293111833427346
0.004709315320523922
-0.018012314981140927
0.003561290790449954
0.01893328750446869
0.01311456717439807
0.035987614684443066
0.032265422984046874
0.026179607828192192
0.006996681627435319
-0.015434717233023112
0.0019113337640255055
0.014465913150583211
0.01207017053811313
0.03498102416262481
0.030725401830247332
0.0273984437811569
0.010343215137631458
-0.007446328727907617
-0.0003438037578364923
0.01046607124823247
0.010348707719899533
0.028635089989601237
0.03344873547015671
0.033123054822167305
0.02219719626075581
-2.4785672524619016e-05
-0.0013080399240897923
0.008831542953552653
0.0062368993664046095
-0.011480069143327136
-0.023278331447567305
-0.035855228919865076
-0.06094386175481516
-0.08416035973504458
-0.052731869496067
-0.04035730151542209
-0.020209269130743814
-0.012199230614026477
-0.02443470385195212
-0.04009577608815104
-0.04996609244129369
-0.06540306225137567
-0.055874394245928556
-0.05951313541683119
-0.03383292924806497
-0.024851565389964452
-0.034029155343111656
-0.05804523001527095
-0.06264452165756798
-0.11116562899516948
-0.09792239296876967
-0.10010234752778693
-0.07789414322861148
-0.032721628033325734
-0.0701636597841
-0.08734445110950086
-0.09583628497461358
-0.17473849200534405
-0.15625309885066396
-0.14836831667702394
-0.09671081235042689
-0.049579668038026735
-0.07368117724647621
-0.05979206344985583
-0.1463769546398118
-0.1673506990476867
-0.1246316483836718
-0.1426091836538102
-0.09758880170287194
-0.09056272404952416
-0.08089527439609324
-0.14201179307880515
-0.1820216703555641
-0.11329429119199545
-0.13205190722940088
-0.1474269534760939
-0.09255396540418935
-0.1671670503993219
-0.1372097558668578
-0.19042326733678028
-0.1662413810877287
-0.09561329772313766
-0.1421896437084306
-0.12338975318601834
-0.08912586077650404
-0.2125777603421851
-0.15133460163935494
-0.14337517414122855
-0.13573784766949923
-0.14995458184333527
-0.14190015884668558
-0.08502205296030457
-0.08214994755052193
-0.2588500785209563
-0.14202666910405248
-0.11445194327893002
-0.10805019754815869
-0.15067491347395948
-0.128517716015274
-0.08248209966094384
-0.08575892643174726
-0.24503960471152372
-0.07808367265360577
-0.07401187255948018
-0.08096594289522924
-0.1409794912701151
-0.13773548141192724
-0.07424699221856099
-0.08784737899056115
-0.2113249200940467
-0.0685189149078064
-0.07104184018456215
-0.10663256291844268
-0.11537278881982851
-0.11388835113046203
-0.06983487812150611
-0.07203953578968603
-0.1827548989098941
-0.09731087524745731
-0.06678936649102188
-0.10538585267881288
-0.06898662295856818
-0.07478014286271564
-0.06361036398543256
-0.07700875417182715
-0.13890587976331692
-0.1317336905612892
-0.12354757614368389
-0.1466601306474189
-0.10845746079335133
-0.09355884702196451
-0.0719873968319973
-0.06852266843611814
-0.06848790805249805
-0.085197425400246
-0.10509473712374309
-0.13024455969241935
-0.11030746538041598
-0.08639579663591579
-0.06506939959580099
-0.03969585006647852
-0.026397201588500358
-0.03367043315651805
-0.04909413606338954
-0.07715636984914555
-0.06316070986556745
-0.028543184801172856
-0.026751464038635084
-0.014256380883224758
-0.01757183173134704
-0.03638744418296084
-0.05950487769901399
-0.07276096648677033
-0.06278299434434417
-0.024376713804057294
-0.016657911996120232
-0.007077143822899146
-0.005492964900728397
-0.0028287329084289155
0.0588626744682819
-0.009323359179155648
0.0139611182892585
-0.00635084758330129
-0.003214610305522956
0.017048216581379918
0.040357692497905016
-0.0031653447151084673
0.019535694362315174
-0.0036023788113060374
0.025741924746332502
-0.01576387692450464
0.016142268166404142
0.0157489026777899
-0.012400399686420153
0.07147637775023508
-0.01241964509983871
0.021639441409350105
0.01046747960901423
-0.008483937592805435
0.01790912403699967
-0.004559641604206523
-0.004560320114666669
0.007061935299392686
0.10119101894295401
0.01967391384773764
-0.0017461965501729686
-0.010848470577878062
-0.0027786535448625946
-0.004181745244068691
-0.0025440121281619906
-0.0027211717639744493
-0.0020264630564036015
-0.0022847213237516518
-0.0009702270703852186
-0.008637485563830184
0.015164259526353157
-0.014357498010698454
0.02028606744003081
-0.004112542033329764
-0.007160924765695881
0.009069175854774205
-0.0045371242594813765
-0.002680250791234038
-0.010657268774688505
-0.004743495694134449
-0.00247170853417075
-0.003024279446260244
-0.002413016461752513
-0.007130025715088116
0.05546400651722504
-0.001689155184608278
0.011241949794417113
-0.007405781219648123
0.07303452753998377
-0.0032973799343103335
-0.0025624435122820564
-0.001992351841910158
0.05969257680074554
-0.004621707065519173
-0.0024706650507623244
0.004736731490715171
-0.004963306594710585
0.025766404781674242
-0.0015811691343060115
-0.006774428228749851
-0.008116262281241338
-0.007076606424575872
-0.005644256153763503
-0.0019333158711705369
-0.007783374155678985
-0.004017142523684196
-0.0015537084238148155
-0.0018793552674499397
-0.0017353308340837105
-0.012656412219490282
0.011630585586834755
-0.00606193718845201
-0.006354920554792474
-0.008178948275231693
0.08651744047257984
-0.01717390052692351
-0.006829595742009574
-0.008041514365350845
-0.0021214495821367963
-0.012427032258110173
-0.006098784845026389
-0.03822105048508417
-0.014210299152661327
-0.04990297202984038
-0.009437302221752876
-0.013516648599929074
-0.027575827842485006
-0.01614503006118451
-0.018885978336601213
-0.016038074279763125
-0.02287161160182559
-0.021597657198661472
-0.010440011133915347
-0.007943408615866376
-0.006299239035529892
-0.04521982466641427
-0.0041563876702244195
-0.0032671649959695277
0.01804091443081009
0.013633460281525797
0.014397388580008668
0.011420872156581633
0.01083785575243865
0.010782089568862452
0.014984109324077654
0.013800071320400186
0.03739937480647383
0.09363485847659185
0.02567658039469726
0.0281304816576496
-0.0017127911443436173
0.014691433160502088
-0.0054733558185645105
0.017567469586168734
0.004868925544678855
0.06072203304575667
0.0031607724286551717
0.04070314795888539
-0.0024807486424603823
-0.0030014350893776322
-0.0016107902489614274
0.0070675359626066895
0.00976435515427932
-0.004072894778289263
-0.0027676060211189965
-0.019454643112992144
-0.00599419089212488
0.014296379135700863
-0.00533624528017444
-0.004594888571096681
0.02774517730813115
-0.0029507463826043954
-0.0021832802419755213
-0.021842178883601248
0.004081332990397989
-0.02259147572739728
-0.003722570019159013
-0.003616295424871246
-0.012804059177669531
-0.011836393618701712
0.008861619965281071
0.007561678338892589
0.008163657616968273
-0.00529147205999099
-0.003730030945754439
-0.0032685585442358304
-0.002666602888371597
-0.020328753383854866
-0.002445798325126065
-0.002572961418351883
-0.002605216027308537
-0.0032328940458865056
-0.0030197300700205666
-0.006816028944415544
0.01797110235562845
-0.0020449214222708896
0.009970922231843765
-0.0031151733790152677
-0.0012213804485128159
-0.009043770803090668
-0.004995098970161834
0.23022799151397677
0.013723386726972622
-0.0030326762993541415
-0.006232600437284851
-0.005314120662424163
-0.003738098055493047
-0.0030677522945992955
0.014460204021095246
-0.004871024729646844
-0.0025495269817788356
-0.0020349667576638614
-0.0020038202738253646
-0.005687899098325888
-0.003217128390225729
-0.0022943026044677573
0.01569869538233246
-0.012795283619938258
-0.002771428458381842
-0.0049278816610859475
0.013179196332829445
-0.0016908197877007038
-0.002600775420730533
-0.002657076695104592
-0.0016179159931254755
-0.008170090905246521
-0.0034046429743835867
-0.02971725428299463
-0.0015117115738692917
0.0325557098297748
-0.006640490817969296
-0.004056235540371137
0.015121385354368562
0.008224973855933444
-0.006096366485806307
-0.0033461693402059814
-0.0018402185748353167
-0.0033160387762251474
-0.002315161569786932
-0.010329139279193782
-0.005060595831011114
0.011151639535320387
0.015365510637451125
0.030915848359379557
-0.004961246619410766
0.02788863821533477
0.019170450112122706
0.015974151224888006
0.013864668091398451
-0.002582412344298249
0.038137807044952406
0.07183321787795083
0.000775346694252387
0.020730386098948787
0.017561039960905495
-0.007390209705407862
-0.008008795815411215
0.060058553391385695
-0.008857018699875667
0.10593412349985927
0.0316173227168647
0.017562941649499342
-0.0029623569240457698
0.014758398274136508
-0.002658991544974661
0.019071584428067247
-0.003349392648752341
-0.002478105690037046
-0.00157056092738556
-0.01521794617172448
0.009200557785800633
-0.003926311025253867
-0.002788047212858902
-0.002986208477073987
-0.004904752015052022
-0.0019867892453740736
-0.0009772014274060327
-0.006989704199435315
-0.003079312782127589
-0.011880537190475021
0.014226304058859997
-0.004409444068329709
-0.004408611614055999
-0.003752128185760523
-0.006130781875116356
-0.0029372415929189576
-0.011368672986913783
-0.006427342288048767
-0.0013083646900631264
-0.003110657150793133
-0.0026410303630855767
-0.008793431954382489
0.01825864860108594
-0.0014086885393322815
0.030460420015840574
-0.00401095682834767
0.016187445155261018
-0.0018819541575889201
-0.0013318712182065458
-0.000848600449840669
-0.0019345170117041478
-0.0014878137425461998
-0.0011795521591972124
-0.006608732503142707
-0.003261254341008039
-0.014450443718424815
0.015697621238898594
-0.001617501111295253
-0.00337144804000147
0.019332424383730944
-0.003724799972858283
-0.002258036291501813
-0.007564413334938581
-0.003751331605144287
-0.0011385113549437955
-0.0016015767009829017
-0.0016725726737923314
-0.00758762219478802
0.07734399246659603
0.059907794685901634
0.011530678963761256
-0.021255558020613866
0.0061249080211703
-0.01545322422312473
0.012953548678971895
-0.012486532112255177
0.019017522741886225
-0.006235189885379728
-0.004964135997071596
0.004070246243803186
-0.02315540690437291
-0.07285883713570356
0.007252661276345622
0.00934989976986985
-0.01719158832956317
-0.028583490848329115
-0.002224653054355077
-0.01073375437786621
0.01975993747710583
-0.016220889412287248
0.007947240987199587
-0.007983870806855017
0.00907362364672115
-0.027323721100382305
-0.004680931153637893
-0.004075869467947751
-0.0038100383682256817
-0.015937250162102935
0.027715796533152818
-0.0064321419923359276
-0.0030755173048651495
-0.00539342275836716
-0.007192459970344778
-0.004600641107773601
-0.0017994198327266524
-0.014497042153268965
0.008096455565333395
-0.040807542325373196
0.08106499314165821
-0.0038109694588959538
-0.010227640233149203
0.020518247504925025
-0.011141639606123018
-0.006218651388293394
0.008034329399187046
-0.010458936778942558
-0.00447112383202159
-0.005396544036342159
0.009354299250753649
-0.016904692515144596
0.042285868158074356
-0.02115899289225461
-0.02151632825767914
-0.1282672757476671
0.06191472586623376
-0.04153607173212132
-0.029303760793714155
-0.018459864910704275
0.22820959309313973
-0.013912687224172385
0.0003835818623922994
-0.040826932792291784
-0.033095757450339575
-0.15682112859568278
0.0705617776565496
-0.031418907148769167
-0.07736248109714051
-0.01074352986447251
-0.05069800499092234
-0.0259198602822091
-0.005325815654713355
-0.052185375979481426
-0.009142180684985558
-0.025164384878212636
-0.012242568734898636
-0.06805514390363175
-0.003419599612831477
0.01423923623785931
0.05662728287723956
0.006556595363728148
0.015428703463763583
0.023078131977977565
0.01671644774324184
0.015853248418696893
0.04393053767625284
-0.0032910444285455666
-0.0019691731965865047
0.030965410595658344
-0.007100733440372426
0.006660352546708614
0.013996232139189232
0.01826191761711438
-0.004372512232496237
0.07331131094618071
-0.0044153874163545504
-0.0022234178011860126
-0.006852951204995717
-0.0026670377463289176
0.01878601579014781
-0.0016312126428565314
-0.0018140255543246666
-0.007650900583311521
0.010711181656351052
-0.003868159008154908
-0.004332399436383093
-0.021965012831770856
-0.005683804359472154
-0.006199722490685071
-0.0023367284874761273
-0.003980234061219082
-0.004133029308943454
-0.005503909626249265
-0.0026051094467654506
-0.01625140415582957
0.08517210569829495
-0.03527094531449362
0.01597961157753537
0.009811995362516368
-0.009079075912906841
-0.005826626378610495
-0.00778237411932534
-0.004230804073390749
-0.013313443583391451
-0.00697813017100518
-0.004298804992397534
0.013282083870823589
-0.0023778836535027176
-0.012029419956287516
-0.009432771375076957
-0.010178396549550665
-0.0057208359199487505
-0.03035372422343854
0.001712945496586648
-0.009014213026104395
-0.00756147231518851
-0.0042791952645808784
-0.013011985469242732
-0.0064811098604888795
-0.004330301751908647
-0.020660884028670484
-0.008598742098247023
-0.05246352693637348
-0.005893996858302865
-0.013643231723666735
-0.02242804304758383
-0.00906316743553073
0.006389490211409494
-0.005262986856844162
-0.01774854731791844
-0.007501195061002223
-0.00301359627393323
-0.004323506641764011
-0.004422459196109576
-0.03266856777340009
0.037222669673182135
0.017717124160410012
-0.004053073155704547
-0.020558743865224997
0.08653522243521869
-0.007481313929751482
0.013161801437482638
-0.005920258375974892
-0.0074499272543223465
-0.004179997408078182
-0.004243093316038892
-0.031845286703463205
-0.007956122848516206
-0.048566977898806395
0.059924319553485865
0.02914865839369931
-0.010813514354471965
0.012130608942195345
-0.008537245987318183
0.010724534715743441
0.006525035277541254
-0.005862769598376687
-0.005963907815814181
-0.004965704290142107
-0.003230213212450715
-0.01860828923385741
-0.00964867605059312
-0.0036050571902231424
-0.005518311483649099
-0.024531708202209963
0.03878450528190899
-0.010358742250019521
-0.006630666479571701
-0.004029874444530871
0.02824538367460958
-0.004666667462860347
-0.002335240600174795
-0.019396607577464173
-0.0151035390615069
0.027962647449420706
-0.006835362110817678
-0.009177201942407487
-0.017185328984248564
-0.015178574102851033
0.006526696134653685
-0.005899860225499569
0.036841232405450806
-0.01011231300602512
-0.0037545883375483045
-0.005992535186401532
-0.005909207727559941
-0.02789494917698714
0.07936673358791084
-0.0036519985052499947
0.028686309245123467
-0.010528387781376576
0.02768201757167788
-0.008333207285423633
-0.003383348269481071
0.010134570104962465
0.019290341795937586
-0.006016311538505045
-0.0019748499823967567
-0.012756837666474464
-0.003972319335436674
0.02389185564027054
-0.0029147231375302634
-0.005928689043459191
-0.005860013824259259
0.005148106391027587
0.023824389006983315
0.0031232219081959224
-0.007481438751705188
-0.004077584378909191
-0.0016622948371374559
-0.00241024154525281
-0.001778914816690375
-0.01937888577459229
-0.007735931163922396
0.016408176093666897
-0.009743576230275153
-0.004400158454015552
-0.008458636250828364
0.006026151127070703
-0.009070565974103646
-0.004827996079643043
-0.010313263394873018
0.0066706988729711226
-0.005848044429574113
-0.027638077052524315
-0.008280462746830884
-0.04127208899036908
0.07236335515706395
-0.00995496654073472
0.032382030228103646
-0.015826756032537997
-0.023823199599381863
-0.012138876675352987
-0.020478487580076195
0.0045305469631014665
-0.0038799112626641385
-0.009128605901026715
-0.004929875029467621
-0.034330980145380614
-0.008491311471949604
-0.0030564987584778503
-0.004835308840656969
-0.019936269565547463
0.017258058892943677
-0.006108563257636022
-0.002646348402907885
-0.004412826220743303
0.0070396856352055144
-0.002788524367658049
-0.002800406935424165
-0.02387222160557369
-0.006328098067286298
-0.02352030643011379
0.014168738125424967
-0.007206177590774611
-0.013107074956394375
-0.0092467207250247
-0.010330861770364613
-0.007304313818945993
-0.003413749315576147
0.014703552803424233
-0.002083162670748016
-0.002742328059873087
-0.001961693952845102
-0.011759963333058586
-0.0024889498887230754
-0.0012085850691837291
-0.001250280010719832
-0.006094684062157035
-0.0011862452867715844
-0.001902837817989995
-0.002592162631474175
-0.002326247716637981
-0.0037419340946544554
-0.0021637300972337354
-0.0015572131270588192
-0.004311974034282717
-0.002259437309159036
0.00927745166129803
0.03364436289776312
-0.002299415818794329
-0.006793065643218679
-0.003144798371230935
-0.004668690663948601
-0.002744780032160263
-0.007251872412261601
-0.004213984563622924
-0.0015181005119628492
-0.0014086933944975478
-0.0016556294961197673
-0.008768430201214043
0.01617303275720368
-0.002959524615000484
-0.002026128105539092
-0.012860927047008431
0.0362870812106682
-0.005168566939156376
-0.0037895408524609192
-0.0018400019812589829
-0.003821003803141698
-0.0022495156413886905
-0.0015244572608404778
-0.006726703050994792
-0.0041515478498945265
-0.020552247072661546
-0.002998452527697879
-0.002649516402826796
-0.008987515333398727
-0.004722955565701684
-0.006011798809311324
-0.0034647762845557285
-0.010413334366873625
-0.003053998161801433
-0.0011856059171411572
-0.0028136173907209877
-0.0018770099810616807
-0.005994345891148223
-0.002980821818416559
-0.0012575123517285516
-0.0017474324937728275
-0.006955889063334889
-0.0015516099293350542
-0.005983469196325082
-0.0025076177037209
0.014776329314452023
-0.0024196026894595345
-0.0024152592762757994
-0.0017816273487950276
0.10207221701305419
-0.004058522341929303
-0.013472560309077708
-0.0023527909464840157
-0.0030447648401246146
-0.004420438557779471
-0.006124158708872877
-0.0036845465368484623
0.012934596751115905
-0.004476118720515292
-0.005208393225802906
-0.002037679275508075
-0.0033985744471893152
-0.001878972514076349
-0.005268276840031835
-0.01638036853255365
-0.007742392020753111
-0.014610248593912143
-0.03454468146923505
-0.01580577359661452
-0.013849931803443159
-0.01194433704843913
-0.01058056543542457
0.05554122915172418
-0.011234233636559636
-0.00859035038879218
-0.034635250357210816
-0.014083008493651036
-0.09256504951449525
-0.012112297123972804
-0.013593373265509997
-0.020627483621377646
-0.02372259970350235
-0.029069584654229964
-0.01603404834498516
0.015908585558394906
-0.017032217047273375
-0.00667001485863188
-0.005921054514619586
-0.00839700456836237
0.03344782119501059
